# Generated on Tue Apr 04 08:58:46 2023 by sincl.
# This file was created by PDFgui.
#S 1
#L r  Gtrunc  Gdiff  Gcalc
0.99 0.096435 0.143896 -0.0474605
1 0.0851903 0.141571 -0.0563806
1.01 0.0676982 0.134164 -0.0664658
1.02 0.0455502 0.123129 -0.0775788
1.03 0.0185338 0.108062 -0.0895283
1.04 -0.0118074 0.0902674 -0.102075
1.05 -0.044853 0.0700859 -0.114939
1.06 -0.079323 0.0484884 -0.127811
1.07 -0.114107 0.0262588 -0.140366
1.08 -0.148079 0.00419257 -0.152272
1.09 -0.180167 -0.0169586 -0.163208
1.1 -0.20925 -0.0363694 -0.172881
1.11 -0.234788 -0.0537576 -0.18103
1.12 -0.25556 -0.0681094 -0.187451
1.13 -0.271882 -0.0798873 -0.191995
1.14 -0.282441 -0.0878555 -0.194585
1.15 -0.288293 -0.0930734 -0.19522
1.16 -0.288691 -0.0947209 -0.19397
1.17 -0.284747 -0.0937619 -0.190985
1.18 -0.276557 -0.0900744 -0.186483
1.19 -0.26513 -0.0843868 -0.180743
1.2 -0.251226 -0.0771271 -0.174099
1.21 -0.235781 -0.0688611 -0.16692
1.22 -0.219827 -0.0602282 -0.159599
1.23 -0.204334 -0.0517996 -0.152534
1.24 -0.190137 -0.0440228 -0.146114
1.25 -0.178351 -0.0376538 -0.140697
1.26 -0.169222 -0.032624 -0.136598
1.27 -0.164006 -0.0299337 -0.134072
1.28 -0.162328 -0.0290231 -0.133305
1.29 -0.165054 -0.0306533 -0.134401
1.3 -0.171635 -0.0342557 -0.137379
1.31 -0.182247 -0.0400737 -0.142173
1.32 -0.196294 -0.0476634 -0.148631
1.33 -0.213291 -0.0567707 -0.15652
1.34 -0.232604 -0.0670613 -0.165543
1.35 -0.25334 -0.0779977 -0.175342
1.36 -0.274749 -0.0892251 -0.185524
1.37 -0.295929 -0.100259 -0.19567
1.38 -0.315902 -0.110541 -0.205361
1.39 -0.334145 -0.119951 -0.214194
1.4 -0.349473 -0.127673 -0.2218
1.41 -0.361845 -0.133977 -0.227868
1.42 -0.370291 -0.138141 -0.23215
1.43 -0.374984 -0.140498 -0.234486
1.44 -0.375508 -0.140707 -0.234801
1.45 -0.372122 -0.139004 -0.233118
1.46 -0.365069 -0.135514 -0.229555
1.47 -0.35466 -0.130339 -0.224321
1.48 -0.341668 -0.123961 -0.217707
1.49 -0.326524 -0.116448 -0.210076
1.5 -0.310217 -0.108373 -0.201844
1.51 -0.293411 -0.0999488 -0.193462
1.52 -0.276933 -0.0915351 -0.185398
1.53 -0.261717 -0.0836072 -0.17811
1.54 -0.248221 -0.0761937 -0.172027
1.55 -0.237359 -0.0698292 -0.16753
1.56 -0.229339 -0.0644119 -0.164927
1.57 -0.224701 -0.0602573 -0.164444
1.58 -0.223524 -0.0573174 -0.166207
1.59 -0.225774 -0.0555371 -0.170237
1.6 -0.231444 -0.0549966 -0.176447
1.61 -0.23994 -0.0552961 -0.184644
1.62 -0.25112 -0.0565871 -0.194533
1.63 -0.264049 -0.0583158 -0.205733
1.64 -0.278338 -0.0605452 -0.217793
1.65 -0.29306 -0.0628515 -0.230209
1.66 -0.307477 -0.0650279 -0.242449
1.67 -0.320942 -0.0669615 -0.25398
1.68 -0.332601 -0.0683104 -0.264291
1.69 -0.342027 -0.0691119 -0.272915
1.7 -0.348609 -0.0691488 -0.27946
1.71 -0.352045 -0.0684213 -0.283624
1.72 -0.352231 -0.0670199 -0.285211
1.73 -0.348949 -0.064801 -0.284148
1.74 -0.34268 -0.0621935 -0.280486
1.75 -0.33334 -0.0589343 -0.274406
1.76 -0.321847 -0.0556403 -0.266207
1.77 -0.308382 -0.0520812 -0.256301
1.78 -0.293964 -0.0487709 -0.245193
1.79 -0.279232 -0.0457715 -0.23346
1.8 -0.264973 -0.043247 -0.221726
1.81 -0.252071 -0.0414408 -0.21063
1.82 -0.24114 -0.0403393 -0.200801
1.83 -0.232915 -0.0400933 -0.192822
1.84 -0.227928 -0.0407233 -0.187205
1.85 -0.226426 -0.0420645 -0.184362
1.86 -0.228899 -0.0443171 -0.184582
1.87 -0.234937 -0.0469219 -0.188015
1.88 -0.244936 -0.0502769 -0.194659
1.89 -0.25791 -0.0535551 -0.204355
1.9 -0.273952 -0.0571621 -0.21679
1.91 -0.291875 -0.0603678 -0.231507
1.92 -0.311158 -0.0632353 -0.247923
1.93 -0.330802 -0.065453 -0.265349
1.94 -0.349857 -0.0668322 -0.283025
1.95 -0.367451 -0.0673026 -0.300148
1.96 -0.382646 -0.0667307 -0.315915
1.97 -0.394597 -0.0650405 -0.329556
1.98 -0.402823 -0.0624464 -0.340377
1.99 -0.406442 -0.058651 -0.347791
2 -0.40574 -0.0543825 -0.351358
2.01 -0.399848 -0.0490435 -0.350804
2.02 -0.38981 -0.0437596 -0.34605
2.03 -0.375141 -0.0379244 -0.337217
2.04 -0.3572 -0.0325694 -0.324631
2.05 -0.336337 -0.0275174 -0.30882
2.06 -0.31381 -0.0233149 -0.290495
2.07 -0.290682 -0.0201546 -0.270527
2.08 -0.268171 -0.0182589 -0.249912
2.09 -0.247564 -0.0178351 -0.229729
2.1 -0.230184 -0.0190897 -0.211094
2.11 -0.216935 -0.0218248 -0.19511
2.12 -0.209368 -0.0265575 -0.18281
2.13 -0.20747 -0.0323627 -0.175107
2.14 -0.213019 -0.0402788 -0.17274
2.15 -0.22494 -0.0487105 -0.17623
2.16 -0.244568 -0.0587313 -0.185837
2.17 -0.270356 -0.0688225 -0.201533
2.18 -0.30244 -0.0794581 -0.222982
2.19 -0.339243 -0.0897177 -0.249525
2.2 -0.379635 -0.0994425 -0.280193
2.21 -0.421916 -0.108201 -0.313715
2.22 -0.464157 -0.115598 -0.348559
2.23 -0.504246 -0.121284 -0.382962
2.24 -0.540267 -0.125272 -0.414995
2.25 -0.569313 -0.126696 -0.442617
2.26 -0.590451 -0.1267 -0.463751
2.27 -0.599635 -0.123279 -0.476356
2.28 -0.5974 -0.118891 -0.478509
2.29 -0.57967 -0.111194 -0.468476
2.3 -0.547527 -0.102738 -0.444789
2.31 -0.498236 -0.0919227 -0.406313
2.32 -0.432776 -0.0804705 -0.352306
2.33 -0.350487 -0.0680285 -0.282458
2.34 -0.252093 -0.0551575 -0.196936
2.35 -0.139143 -0.042755 -0.096388
2.36 -0.0122637 -0.0303069 0.0180432
2.37 0.125244 -0.0194989 0.144743
2.38 0.272365 -0.00928799 0.281653
2.39 0.425041 -0.00127959 0.426321
2.4 0.581162 0.00520229 0.57596
2.41 0.737131 0.00960487 0.727526
2.42 0.889368 0.0115656 0.877802
2.43 1.03529 0.0117998 1.02349
2.44 1.17083 0.00952273 1.16131
2.45 1.29379 0.00570467 1.28809
2.46 1.40101 0.000144299 1.40087
2.47 1.49003 -0.00695946 1.49699
2.48 1.55977 -0.0144089 1.57418
2.49 1.60711 -0.0234974 1.63061
2.5 1.63373 -0.0312256 1.66496
2.51 1.63575 -0.040701 1.67645
2.52 1.61754 -0.0473511 1.66489
2.53 1.57524 -0.0554083 1.63065
2.54 1.51435 -0.0603056 1.57466
2.55 1.43336 -0.0650162 1.49838
2.56 1.33662 -0.0671352 1.40376
2.57 1.22526 -0.0678975 1.29316
2.58 1.10262 -0.0666722 1.16929
2.59 0.971514 -0.0636137 1.03513
2.6 0.834742 -0.059058 0.8938
2.61 0.695583 -0.0529336 0.748517
2.62 0.55685 -0.0456105 0.602461
2.63 0.421063 -0.0376345 0.458697
2.64 0.291547 -0.0285414 0.320088
2.65 0.169223 -0.0199883 0.189211
2.66 0.0577691 -0.0105255 0.0682946
2.67 -0.04325 -0.00241333 -0.0408367
2.68 -0.131006 0.00579259 -0.136799
2.69 -0.206241 0.0124303 -0.218671
2.7 -0.267739 0.0182661 -0.286005
2.71 -0.316124 0.0226864 -0.33881
2.72 -0.351936 0.0255967 -0.377533
2.73 -0.375538 0.0274757 -0.403014
2.74 -0.388917 0.0275235 -0.41644
2.75 -0.39228 0.0270045 -0.419285
2.76 -0.388425 0.024809 -0.413234
2.77 -0.377657 0.0224644 -0.400121
2.78 -0.362737 0.0191124 -0.381849
2.79 -0.344557 0.0157609 -0.360318
2.8 -0.325052 0.012303 -0.337355
2.81 -0.305537 0.00911711 -0.314654
2.82 -0.287198 0.00652135 -0.293719
2.83 -0.271189 0.00463234 -0.275821
2.84 -0.258268 0.00369604 -0.261964
2.85 -0.248973 0.00389088 -0.252864
2.86 -0.243857 0.00508437 -0.248941
2.87 -0.242666 0.00765887 -0.250325
2.88 -0.245825 0.0110409 -0.256866
2.89 -0.252403 0.0157617 -0.268165
2.9 -0.262648 0.0209571 -0.283605
2.91 -0.275336 0.0270598 -0.302396
2.92 -0.29023 0.0333874 -0.323617
2.93 -0.306337 0.0399348 -0.346272
2.94 -0.323019 0.0463134 -0.369332
2.95 -0.339538 0.0522549 -0.391793
2.96 -0.355197 0.0575157 -0.412713
2.97 -0.369419 0.0618382 -0.431257
2.98 -0.381769 0.0649615 -0.446731
2.99 -0.391743 0.0668587 -0.458602
3 -0.399366 0.0671551 -0.466521
3.01 -0.404177 0.0661514 -0.470328
3.02 -0.406677 0.0633744 -0.470051
3.03 -0.406503 0.059393 -0.465896
3.04 -0.404414 0.0538152 -0.458229
3.05 -0.400429 0.0471255 -0.447554
3.06 -0.395193 0.0392892 -0.434482
3.07 -0.389069 0.0306274 -0.419696
3.08 -0.382581 0.021338 -0.403919
3.09 -0.376209 0.0116645 -0.387873
3.1 -0.370397 0.00185365 -0.372251
3.11 -0.365504 -0.00782835 -0.357676
3.12 -0.361937 -0.0172567 -0.34468
3.13 -0.359753 -0.0260732 -0.33368
3.14 -0.359328 -0.0343717 -0.324956
3.15 -0.360378 -0.0417293 -0.318649
3.16 -0.363141 -0.0483918 -0.314749
3.17 -0.36714 -0.0540329 -0.313107
3.18 -0.372285 -0.0588455 -0.313439
3.19 -0.378104 -0.0627576 -0.315346
3.2 -0.384203 -0.0658704 -0.318333
3.21 -0.39011 -0.0682781 -0.321832
3.22 -0.395308 -0.0700732 -0.325235
3.23 -0.399266 -0.0713488 -0.327917
3.24 -0.401575 -0.0723062 -0.329269
3.25 -0.401576 -0.0728555 -0.32872
3.26 -0.399185 -0.0734159 -0.325769
3.27 -0.393565 -0.0735667 -0.319998
3.28 -0.385047 -0.073952 -0.311095
3.29 -0.372795 -0.073934 -0.298861
3.3 -0.357343 -0.0741242 -0.283219
3.31 -0.338199 -0.073987 -0.264212
3.32 -0.315825 -0.0738249 -0.242
3.33 -0.290182 -0.0733337 -0.216848
3.34 -0.261628 -0.0725149 -0.189113
3.35 -0.230511 -0.0712868 -0.159224
3.36 -0.19711 -0.0694469 -0.127663
3.37 -0.162011 -0.0670696 -0.0949414
3.38 -0.125478 -0.0639006 -0.0615774
3.39 -0.088139 -0.0600649 -0.0280741
3.4 -0.0503283 -0.05543 0.00510166
3.41 -0.0125293 -0.0500666 0.0375373
3.42 0.0248136 -0.0440753 0.0688889
3.43 0.0614302 -0.0374621 0.0988923
3.44 0.0968825 -0.0304866 0.127369
3.45 0.131017 -0.0232116 0.154229
3.46 0.16354 -0.0159249 0.179465
3.47 0.194321 -0.00882905 0.20315
3.48 0.22329 -0.002133 0.225423
3.49 0.250277 0.00380143 0.246476
3.5 0.275446 0.00890992 0.266536
3.51 0.298559 0.0127077 0.285851
3.52 0.319977 0.0153091 0.304668
3.53 0.339382 0.0161677 0.323214
3.54 0.35722 0.0155364 0.341684
3.55 0.373251 0.0130323 0.360219
3.56 0.38779 0.00888945 0.378901
3.57 0.400719 0.00297946 0.39774
3.58 0.412195 -0.00447559 0.416671
3.59 0.42219 -0.0133626 0.435553
3.6 0.430716 -0.0234559 0.454172
3.61 0.437819 -0.0344304 0.472249
3.62 0.443367 -0.0460845 0.489451
3.63 0.447491 -0.0579126 0.505404
3.64 0.449918 -0.0697888 0.519707
3.65 0.450889 -0.0810659 0.531955
3.66 0.450009 -0.0917441 0.541753
3.67 0.447588 -0.101148 0.548736
3.68 0.443302 -0.109284 0.552586
3.69 0.43737 -0.115676 0.553046
3.7 0.429629 -0.120305 0.549934
3.71 0.420208 -0.122945 0.543153
3.72 0.409122 -0.123574 0.532696
3.73 0.396417 -0.122232 0.518649
3.74 0.382272 -0.118917 0.501189
3.75 0.366675 -0.113902 0.480577
3.76 0.349926 -0.107226 0.457152
3.77 0.331984 -0.0993293 0.431313
3.78 0.313197 -0.0903156 0.403513
3.79 0.293554 -0.0806773 0.374231
3.8 0.273352 -0.0706127 0.343965
3.81 0.252661 -0.0605426 0.313204
3.82 0.231671 -0.0507453 0.282416
3.83 0.210489 -0.0415429 0.252032
3.84 0.189232 -0.0331938 0.222426
3.85 0.167992 -0.0259158 0.193908
3.86 0.146838 -0.0198748 0.166713
3.87 0.125813 -0.0151831 0.140996
3.88 0.104958 -0.0118729 0.116831
3.89 0.0842602 -0.00995045 0.0942107
3.9 0.0637431 -0.0093111 0.0730542
3.91 0.0433579 -0.00985664 0.0532145
3.92 0.0231049 -0.0113852 0.0344901
3.93 0.00293622 -0.0137021 0.0166383
3.94 -0.0171641 -0.0165547 -0.000609367
3.95 -0.0372227 -0.0196912 -0.0175315
3.96 -0.0572483 -0.0228477 -0.0344006
3.97 -0.0772394 -0.0257711 -0.0514683
3.98 -0.0971778 -0.0282272 -0.0689506
3.99 -0.117024 -0.0300072 -0.0870168
4 -0.136733 -0.0309536 -0.105779
4.01 -0.156208 -0.0309203 -0.125288
4.02 -0.175403 -0.0298785 -0.145525
4.03 -0.194138 -0.0277322 -0.166406
4.04 -0.212392 -0.0246083 -0.187784
4.05 -0.229926 -0.0204734 -0.209453
4.06 -0.246726 -0.0155683 -0.231158
4.07 -0.262555 -0.00994906 -0.252606
4.08 -0.277375 -0.00389621 -0.273479
4.09 -0.291013 0.00243254 -0.293446
4.1 -0.303381 0.00879652 -0.312178
4.11 -0.314423 0.0149389 -0.329362
4.12 -0.323984 0.0207304 -0.344714
4.13 -0.33216 0.0258311 -0.357991
4.14 -0.338719 0.0302784 -0.368997
4.15 -0.343915 0.0336804 -0.377595
4.16 -0.347444 0.0362643 -0.383708
4.17 -0.349652 0.0376696 -0.387322
4.18 -0.350325 0.0381576 -0.388483
4.19 -0.349721 0.0375747 -0.387296
4.2 -0.347762 0.0361545 -0.383916
4.21 -0.344603 0.0339398 -0.378543
4.22 -0.340274 0.0311312 -0.371405
4.23 -0.334833 0.0279221 -0.362755
4.24 -0.328382 0.0244714 -0.352853
4.25 -0.320889 0.0210693 -0.341958
4.26 -0.312501 0.0178136 -0.330315
4.27 -0.303099 0.0150444 -0.318143
4.28 -0.292864 0.0127702 -0.305634
4.29 -0.281603 0.0113348 -0.292938
4.3 -0.269495 0.0106682 -0.280163
4.31 -0.256368 0.0110072 -0.267375
4.32 -0.242328 0.0122682 -0.254596
4.33 -0.227268 0.0145409 -0.241809
4.34 -0.211233 0.0177293 -0.228962
4.35 -0.194206 0.0217729 -0.215979
4.36 -0.176184 0.0265802 -0.202764
4.37 -0.157259 0.0319574 -0.189216
4.38 -0.137406 0.037831 -0.175237
4.39 -0.116822 0.0439194 -0.160741
4.4 -0.0955037 0.0501649 -0.145669
4.41 -0.0737114 0.056279 -0.12999
4.42 -0.0515382 0.0621801 -0.113718
4.43 -0.0292389 0.0676699 -0.0969088
4.44 -0.00704194 0.0726244 -0.0796663
4.45 0.0148242 0.0769683 -0.0621441
4.46 0.0360484 0.0805901 -0.0445417
4.47 0.0563811 0.0834825 -0.0271014
4.48 0.0755289 0.0856295 -0.0101006
4.49 0.0931637 0.0870077 0.00615602
4.5 0.109124 0.0877766 0.0213474
4.51 0.122947 0.0877997 0.0351473
4.52 0.134712 0.0874758 0.0472362
4.53 0.143781 0.0864667 0.0573143
4.54 0.150491 0.0853786 0.0651124
4.55 0.154195 0.0837915 0.0704035
4.56 0.155295 0.0822831 0.0730119
4.57 0.15337 0.0805493 0.0728207
4.58 0.148717 0.0789395 0.0697775
4.59 0.141223 0.077326 0.063897
4.6 0.131061 0.0757998 0.0552612
4.61 0.118416 0.0743984 0.0440176
4.62 0.103352 0.0729779 0.0303741
4.63 0.0862859 0.071694 0.0145919
4.64 0.0672172 0.0702403 -0.00302311
4.65 0.0466936 0.0688251 -0.0221315
4.66 0.0247135 0.067085 -0.0423715
4.67 0.00181431 0.0651861 -0.0633718
4.68 -0.0218779 0.0628856 -0.0847635
4.69 -0.0459831 0.0602093 -0.106192
4.7 -0.0702649 0.0570651 -0.12733
4.71 -0.0944641 0.0534193 -0.147883
4.72 -0.118333 0.0492696 -0.167603
4.73 -0.141666 0.0446211 -0.186287
4.74 -0.164291 0.0394982 -0.203789
4.75 -0.186 0.0340154 -0.220015
4.76 -0.206757 0.0281679 -0.234925
4.77 -0.22631 0.0222174 -0.248527
4.78 -0.244787 0.0160897 -0.260877
4.79 -0.261869 0.0101956 -0.272065
4.8 -0.277798 0.00441435 -0.282212
4.81 -0.292329 -0.000867537 -0.291461
4.82 -0.305651 -0.00568663 -0.299964
4.83 -0.317645 -0.00977024 -0.307875
4.84 -0.328424 -0.0130854 -0.315339
4.85 -0.337987 -0.0155011 -0.322486
4.86 -0.346366 -0.0169419 -0.329424
4.87 -0.353658 -0.0174254 -0.336233
4.88 -0.359825 -0.0168658 -0.342959
4.89 -0.365041 -0.0154223 -0.349619
4.9 -0.369207 -0.0130136 -0.356193
4.91 -0.372554 -0.00991916 -0.362635
4.92 -0.374958 -0.00608976 -0.368868
4.93 -0.376647 -0.00184931 -0.374798
4.94 -0.377565 0.00274781 -0.380313
4.95 -0.377868 0.00742814 -0.385296
4.96 -0.377578 0.0120529 -0.389631
4.97 -0.376803 0.0164059 -0.393209
4.98 -0.375625 0.0203128 -0.395938
4.99 -0.374125 0.0236227 -0.397748
5 -0.372416 0.0261807 -0.398597
5.01 -0.37058 0.0278947 -0.398475
5.02 -0.368728 0.028678 -0.397406
5.03 -0.366966 0.0284841 -0.39545
5.04 -0.365368 0.0273321 -0.3927
5.05 -0.364074 0.0252063 -0.38928
5.06 -0.363112 0.0222293 -0.385341
5.07 -0.362618 0.0184367 -0.381055
5.08 -0.362605 0.0140007 -0.376606
5.09 -0.363162 0.00902356 -0.372186
5.1 -0.364304 0.00367938 -0.367983
5.11 -0.366048 -0.00186978 -0.364178
5.12 -0.368418 -0.00748678 -0.360931
5.13 -0.371351 -0.0129723 -0.358379
5.14 -0.374878 -0.0182518 -0.356626
5.15 -0.378867 -0.0231227 -0.355744
5.16 -0.383342 -0.0275768 -0.355765
5.17 -0.388142 -0.0314599 -0.356682
5.18 -0.393243 -0.0347937 -0.358449
5.19 -0.39851 -0.0375251 -0.360985
5.2 -0.403865 -0.0396905 -0.364174
5.21 -0.409207 -0.0413304 -0.367877
5.22 -0.41444 -0.0425105 -0.371929
5.23 -0.41948 -0.0433221 -0.376158
5.24 -0.424252 -0.0438705 -0.380382
5.25 -0.428674 -0.0442514 -0.384423
5.26 -0.432724 -0.0446101 -0.388114
5.27 -0.43631 -0.0450048 -0.391305
5.28 -0.439477 -0.0456072 -0.39387
5.29 -0.442118 -0.0464089 -0.395709
5.3 -0.444329 -0.0475734 -0.396756
5.31 -0.446032 -0.0490573 -0.396975
5.32 -0.447313 -0.0509489 -0.396364
5.33 -0.448137 -0.0531849 -0.394952
5.34 -0.448559 -0.0557649 -0.392794
5.35 -0.448578 -0.0586112 -0.389967
5.36 -0.448203 -0.0616403 -0.386563
5.37 -0.447449 -0.0647667 -0.382682
5.38 -0.446271 -0.0678447 -0.378426
5.39 -0.444686 -0.070798 -0.373888
5.4 -0.442577 -0.0734321 -0.369145
5.41 -0.439971 -0.075719 -0.364252
5.42 -0.436649 -0.0774138 -0.359235
5.43 -0.432651 -0.0785641 -0.354087
5.44 -0.427706 -0.078944 -0.348762
5.45 -0.421805 -0.0786283 -0.343177
5.46 -0.41468 -0.077471 -0.337209
5.47 -0.40625 -0.0755497 -0.3307
5.48 -0.396306 -0.0728459 -0.32346
5.49 -0.384665 -0.0693934 -0.315272
5.5 -0.371248 -0.065349 -0.305899
5.51 -0.355742 -0.0606458 -0.295096
5.52 -0.338263 -0.0556466 -0.282616
5.53 -0.318351 -0.0501289 -0.268222
5.54 -0.296347 -0.0446522 -0.251695
5.55 -0.27171 -0.0388643 -0.232846
5.56 -0.24489 -0.0333662 -0.211524
5.57 -0.215519 -0.0278941 -0.187625
5.58 -0.183941 -0.0228437 -0.161097
5.59 -0.150055 -0.0181078 -0.131947
5.6 -0.114095 -0.0138533 -0.100242
5.61 -0.076209 -0.0100996 -0.0661094
5.62 -0.0365498 -0.00681034 -0.0297395
5.63 0.00454276 -0.00407906 0.00862182
5.64 0.0469445 -0.00173133 0.0486758
5.65 0.0902194 0.000140633 0.0900788
5.66 0.134198 0.00174814 0.13245
5.67 0.178466 0.00308515 0.175381
5.68 0.222726 0.00427972 0.218446
5.69 0.266676 0.00546192 0.261214
5.7 0.309916 0.0066597 0.303256
5.71 0.352216 0.00805669 0.344159
5.72 0.393186 0.00965259 0.383533
5.73 0.432582 0.0115607 0.421021
5.74 0.470135 0.0138298 0.456305
5.75 0.505511 0.0163985 0.489112
5.76 0.538656 0.0194362 0.51922
5.77 0.569082 0.0226269 0.546455
5.78 0.597016 0.0263177 0.570698
5.79 0.62177 0.0298898 0.59188
5.8 0.643818 0.0338381 0.60998
5.81 0.66248 0.0374592 0.625021
5.82 0.678207 0.0411411 0.637066
5.83 0.690544 0.0443319 0.646212
5.84 0.699768 0.047184 0.652584
5.85 0.705712 0.0493842 0.656328
5.86 0.708459 0.0508534 0.657606
5.87 0.708133 0.0515442 0.656589
5.88 0.704633 0.0511788 0.653454
5.89 0.698349 0.0499697 0.648379
5.9 0.689029 0.0474899 0.641539
5.91 0.677289 0.0441845 0.633105
5.92 0.662775 0.0395342 0.623241
5.93 0.6462 0.0340918 0.612108
5.94 0.62739 0.0275276 0.599862
5.95 0.606889 0.020232 0.586657
5.96 0.584781 0.0121359 0.572645
5.97 0.561469 0.00348605 0.557983
5.98 0.53723 -0.00560218 0.542832
5.99 0.5124 -0.0149631 0.527363
6 0.48735 -0.024407 0.511757
6.01 0.46244 -0.0337683 0.496208
6.02 0.438011 -0.0429142 0.480925
6.03 0.414549 -0.0515818 0.466131
6.04 0.392234 -0.0598274 0.452061
6.05 0.371759 -0.0672063 0.438965
6.06 0.353111 -0.0739887 0.4271
6.07 0.33701 -0.0797166 0.416727
6.08 0.323438 -0.0846698 0.408108
6.09 0.312967 -0.0885325 0.401499
6.1 0.305666 -0.0914797 0.397146
6.11 0.301831 -0.0934408 0.395272
6.12 0.301687 -0.0943904 0.396077
6.13 0.305165 -0.0945649 0.39973
6.14 0.312675 -0.093683 0.406358
6.15 0.323746 -0.0923004 0.416046
6.16 0.338962 -0.0898684 0.42883
6.17 0.35751 -0.0871827 0.444693
6.18 0.379971 -0.0835893 0.46356
6.19 0.405463 -0.0798409 0.485304
6.2 0.434216 -0.0755216 0.509738
6.21 0.465568 -0.0710526 0.536621
6.22 0.499358 -0.0663022 0.56566
6.23 0.53509 -0.061426 0.596516
6.24 0.572329 -0.0564764 0.628805
6.25 0.610651 -0.0514588 0.66211
6.26 0.649507 -0.0464751 0.695982
6.27 0.688423 -0.0415312 0.729954
6.28 0.726917 -0.0366287 0.763546
6.29 0.764342 -0.0319298 0.796272
6.3 0.800431 -0.0272207 0.827652
6.31 0.83435 -0.0228669 0.857217
6.32 0.866015 -0.0185033 0.884518
6.33 0.89461 -0.0145235 0.909134
6.34 0.920044 -0.0106289 0.930673
6.35 0.941713 -0.00707186 0.948785
6.36 0.959398 -0.00376205 0.96316
6.37 0.972848 -0.000687159 0.973535
6.38 0.981626 0.00193085 0.979695
6.39 0.985932 0.00445706 0.981475
6.4 0.985057 0.00629699 0.97876
6.41 0.979694 0.0082076 0.971486
6.42 0.968856 0.00921618 0.95964
6.43 0.953586 0.0103317 0.943254
6.44 0.933044 0.010634 0.92241
6.45 0.908135 0.0109039 0.897231
6.46 0.878464 0.010581 0.867883
6.47 0.844639 0.0100701 0.834569
6.48 0.806719 0.00919209 0.797527
6.49 0.765053 0.00802658 0.757026
6.5 0.720066 0.00670154 0.713364
6.51 0.671919 0.00505702 0.666862
6.52 0.621282 0.00342202 0.61786
6.53 0.568223 0.00150753 0.566715
6.54 0.513508 -0.000289413 0.513797
6.55 0.457224 -0.0022585 0.459482
6.56 0.400059 -0.00409182 0.404151
6.57 0.342282 -0.00589947 0.348181
6.58 0.284356 -0.00759212 0.291948
6.59 0.226674 -0.00914047 0.235814
6.6 0.169574 -0.0105559 0.18013
6.61 0.11343 -0.011795 0.125225
6.62 0.0585541 -0.0128535 0.0714076
6.63 0.00517614 -0.0137826 0.0189588
6.64 -0.0463315 -0.0144608 -0.0318707
6.65 -0.0959759 -0.0151126 -0.0808633
6.66 -0.143271 -0.0154338 -0.127837
6.67 -0.188498 -0.0158502 -0.172648
6.68 -0.231071 -0.0158818 -0.215189
6.69 -0.271432 -0.016038 -0.255394
6.7 -0.309155 -0.0159221 -0.293233
6.71 -0.344578 -0.0158652 -0.328713
6.72 -0.377522 -0.0156474 -0.361875
6.73 -0.408196 -0.0154062 -0.39279
6.74 -0.436654 -0.0150973 -0.421557
6.75 -0.462971 -0.0146756 -0.448295
6.76 -0.487392 -0.0142489 -0.473143
6.77 -0.509874 -0.0136261 -0.496248
6.78 -0.530791 -0.0130273 -0.517764
6.79 -0.550011 -0.0121666 -0.537844
6.8 -0.567954 -0.011316 -0.556638
6.81 -0.584475 -0.0101932 -0.574282
6.82 -0.599923 -0.00902491 -0.590898
6.83 -0.614226 -0.00763636 -0.60659
6.84 -0.627585 -0.0061477 -0.621437
6.85 -0.639992 -0.00449418 -0.635498
6.86 -0.651528 -0.0027252 -0.648803
6.87 -0.66222 -0.000861143 -0.661359
6.88 -0.672048 0.0011007 -0.673149
6.89 -0.681066 0.00306722 -0.684133
6.9 -0.689163 0.00509148 -0.694254
6.91 -0.696433 0.00700643 -0.703439
6.92 -0.702667 0.00893727 -0.711604
6.93 -0.70801 0.0106491 -0.718659
6.94 -0.712211 0.012302 -0.724513
6.95 -0.715405 0.0136737 -0.729079
6.96 -0.717391 0.0148865 -0.732278
6.97 -0.718241 0.0158026 -0.734044
6.98 -0.717843 0.0164843 -0.734327
6.99 -0.716204 0.0168948 -0.733099
7 -0.713324 0.0170255 -0.730349
7.01 -0.709135 0.0169585 -0.726094
7.02 -0.703758 0.0166099 -0.720368
7.03 -0.697061 0.0161706 -0.713232
7.04 -0.689272 0.0154921 -0.704764
7.05 -0.680206 0.0148568 -0.695063
7.06 -0.670153 0.0140864 -0.684239
7.07 -0.658978 0.0134387 -0.672417
7.08 -0.646913 0.0128115 -0.659725
7.09 -0.633923 0.0123718 -0.646295
7.1 -0.620161 0.0120971 -0.632258
7.11 -0.605675 0.0120641 -0.617739
7.12 -0.590556 0.0122976 -0.602854
7.13 -0.574905 0.0128 -0.587705
7.14 -0.558769 0.0136132 -0.572382
7.15 -0.54227 0.0146884 -0.556958
7.16 -0.525437 0.016053 -0.54149
7.17 -0.508387 0.0176303 -0.526017
7.18 -0.491147 0.0194184 -0.510565
7.19 -0.473811 0.0213348 -0.495146
7.2 -0.456425 0.0233343 -0.479759
7.21 -0.439049 0.0253497 -0.464399
7.22 -0.421743 0.0273092 -0.449052
7.23 -0.404553 0.0291538 -0.433707
7.24 -0.387536 0.0308157 -0.418352
7.25 -0.370744 0.0322374 -0.402981
7.26 -0.354217 0.0333816 -0.387599
7.27 -0.338027 0.034189 -0.372216
7.28 -0.322183 0.0346749 -0.356858
7.29 -0.306793 0.0347677 -0.341561
7.3 -0.291818 0.0345548 -0.326373
7.31 -0.277402 0.0339508 -0.311353
7.32 -0.263475 0.0330934 -0.296568
7.33 -0.250158 0.0319347 -0.282093
7.34 -0.2374 0.0306012 -0.268001
7.35 -0.225268 0.0290997 -0.254368
7.36 -0.213733 0.027527 -0.24126
7.37 -0.202795 0.0259407 -0.228736
7.38 -0.192444 0.0243937 -0.216838
7.39 -0.182612 0.0229782 -0.20559
7.4 -0.173299 0.0216969 -0.194996
7.41 -0.164378 0.0206548 -0.185033
7.42 -0.155837 0.0198156 -0.175653
7.43 -0.147526 0.0192544 -0.16678
7.44 -0.139381 0.0189335 -0.158315
7.45 -0.13127 0.0188589 -0.150129
7.46 -0.123069 0.0190061 -0.142075
7.47 -0.114669 0.0193177 -0.133987
7.48 -0.10592 0.0197638 -0.125684
7.49 -0.0967127 0.0202663 -0.116979
7.5 -0.0869231 0.0207599 -0.107683
7.51 -0.0764142 0.0211977 -0.0976119
7.52 -0.0651386 0.0214548 -0.0865934
7.53 -0.0529128 0.0215611 -0.0744739
7.54 -0.0398043 0.02132 -0.0611243
7.55 -0.0255763 0.0208692 -0.0464455
7.56 -0.0104056 0.019968 -0.0303736
7.57 0.00591553 0.0187986 -0.012883
7.58 0.023192 0.0171811 0.00601091
7.59 0.0415153 0.0152644 0.0262509
7.6 0.0607275 0.0129893 0.0477382
7.61 0.0807889 0.0104547 0.0703342
7.62 0.101573 0.00770964 0.0938634
7.63 0.122935 0.00481692 0.118118
7.64 0.144756 0.00189234 0.142864
7.65 0.16684 -0.00100484 0.167845
7.66 0.189038 -0.00375477 0.192793
7.67 0.211168 -0.00626442 0.217432
7.68 0.233009 -0.00848119 0.24149
7.69 0.254445 -0.0102564 0.264701
7.7 0.275199 -0.0116181 0.286817
7.71 0.295205 -0.0124061 0.307611
7.72 0.314196 -0.0126891 0.326885
7.73 0.332107 -0.0123662 0.344473
7.74 0.348751 -0.011495 0.360246
7.75 0.364018 -0.0100942 0.374112
7.76 0.377855 -0.00816479 0.38602
7.77 0.390081 -0.00587472 0.395956
7.78 0.400806 -0.00313838 0.403944
7.79 0.409762 -0.000283001 0.410045
7.8 0.417229 0.00288095 0.414348
7.81 0.42286 0.00588905 0.416971
7.82 0.42703 0.00897686 0.418053
7.83 0.429501 0.0117502 0.417751
7.84 0.430548 0.0143163 0.416232
7.85 0.430097 0.0164277 0.413669
7.86 0.428325 0.0180867 0.410238
7.87 0.4253 0.0191902 0.40611
7.88 0.421118 0.0196708 0.401447
7.89 0.415948 0.0195449 0.396403
7.9 0.409831 0.0187145 0.391116
7.91 0.402997 0.0172858 0.385711
7.92 0.395463 0.0151681 0.380295
7.93 0.387466 0.012507 0.374959
7.94 0.379043 0.00926393 0.369779
7.95 0.370387 0.00557105 0.364816
7.96 0.361585 0.00146784 0.360117
7.97 0.352763 -0.00295575 0.355719
7.98 0.344034 -0.00761329 0.351647
7.99 0.335491 -0.0124308 0.347922
8 0.32723 -0.0173254 0.344555
8.01 0.319342 -0.0222153 0.341557
8.02 0.311873 -0.0270606 0.338934
8.03 0.30493 -0.0317584 0.336688
8.04 0.298489 -0.036335 0.334824
8.05 0.292683 -0.0406579 0.333341
8.06 0.287421 -0.0448164 0.332237
8.07 0.282832 -0.0486767 0.331509
8.08 0.2788 -0.0523455 0.331146
8.09 0.275397 -0.0557362 0.331133
8.1 0.272532 -0.0589178 0.33145
8.11 0.270204 -0.0618613 0.332065
8.12 0.268346 -0.0645942 0.33294
8.13 0.266898 -0.0671266 0.334025
8.14 0.265812 -0.0694459 0.335258
8.15 0.264989 -0.07158 0.336569
8.16 0.264385 -0.0734917 0.337877
8.17 0.263897 -0.075194 0.339091
8.18 0.263465 -0.0766503 0.340115
8.19 0.263013 -0.0778349 0.340848
8.2 0.26246 -0.0787258 0.341186
8.21 0.261763 -0.0792642 0.341027
8.22 0.260847 -0.0794283 0.340275
8.23 0.259686 -0.079156 0.338842
8.24 0.258234 -0.0784172 0.336651
8.25 0.256474 -0.0771681 0.333642
8.26 0.254403 -0.0753695 0.329772
8.27 0.252005 -0.0730159 0.325021
8.28 0.249326 -0.0700626 0.319389
8.29 0.246354 -0.0665466 0.312901
8.3 0.243169 -0.0624366 0.305606
8.31 0.239775 -0.0578006 0.297576
8.32 0.23626 -0.0526442 0.288904
8.33 0.232662 -0.0470419 0.279704
8.34 0.229049 -0.0410543 0.270103
8.35 0.225486 -0.0347566 0.260243
8.36 0.222025 -0.0282442 0.250269
8.37 0.218727 -0.0216062 0.240333
8.38 0.21564 -0.0149415 0.230581
8.39 0.212795 -0.00835826 0.221153
8.4 0.210241 -0.00193375 0.212175
8.41 0.207962 0.00420743 0.203755
8.42 0.206006 0.0100262 0.19598
8.43 0.204309 0.0153963 0.188913
8.44 0.202905 0.0203169 0.182588
8.45 0.201701 0.0246889 0.177012
8.46 0.200681 0.0285196 0.172161
8.47 0.199759 0.031775 0.167984
8.48 0.198864 0.0344633 0.164401
8.49 0.197913 0.0366053 0.161308
8.5 0.196809 0.038229 0.15858
8.51 0.195449 0.0393737 0.156075
8.52 0.193748 0.0401091 0.153639
8.53 0.191568 0.0404595 0.151109
8.54 0.18887 0.0405503 0.14832
8.55 0.18546 0.0403491 0.145111
8.56 0.181378 0.0400496 0.141328
8.57 0.17638 0.039549 0.136831
8.58 0.170559 0.0390651 0.131494
8.59 0.16371 0.0384979 0.125212
8.6 0.155898 0.0379952 0.117903
8.61 0.147004 0.0374969 0.109507
8.62 0.137051 0.0370603 0.0999907
8.63 0.126021 0.0366772 0.0893438
8.64 0.113884 0.0363041 0.0775799
8.65 0.100726 0.0359919 0.0647341
8.66 0.0864645 0.0356035 0.050861
8.67 0.0712813 0.0352503 0.036031
8.68 0.0550489 0.034721 0.0203279
8.69 0.0380063 0.0341617 0.00384462
8.7 0.0200462 0.0333661 -0.0133199
8.71 0.00138148 0.0324457 -0.0310642
8.72 -0.0180161 0.0312714 -0.0492875
8.73 -0.0380006 0.0298919 -0.0678925
8.74 -0.0585275 0.0282599 -0.0867874
8.75 -0.0794993 0.0263882 -0.105887
8.76 -0.100826 0.0242905 -0.125116
8.77 -0.122435 0.0219715 -0.144407
8.78 -0.144221 0.0194771 -0.163698
8.79 -0.16611 0.0168293 -0.182939
8.8 -0.188009 0.0140751 -0.202084
8.81 -0.209818 0.0112732 -0.221091
8.82 -0.231476 0.00844577 -0.239922
8.83 -0.252852 0.00568546 -0.258537
8.84 -0.273908 0.00299033 -0.276898
8.85 -0.294508 0.000452976 -0.294961
8.86 -0.314607 -0.00193016 -0.312677
8.87 -0.33409 -0.004099 -0.329991
8.88 -0.352882 -0.00604066 -0.346841
8.89 -0.370917 -0.00775874 -0.363158
8.9 -0.388066 -0.00920101 -0.378865
8.91 -0.404338 -0.0104596 -0.393878
8.92 -0.419529 -0.0114186 -0.40811
8.93 -0.433748 -0.0122784 -0.42147
8.94 -0.446699 -0.0128351 -0.433864
8.95 -0.458568 -0.0133653 -0.445203
8.96 -0.469083 -0.0136835 -0.455399
8.97 -0.478383 -0.014008 -0.464375
8.98 -0.486288 -0.0142285 -0.472059
8.99 -0.492864 -0.0144688 -0.478395
9 -0.49804 -0.0147013 -0.483339
9.01 -0.501799 -0.0149369 -0.486862
9.02 -0.50419 -0.0152358 -0.488954
9.03 -0.505108 -0.0154865 -0.489621
9.04 -0.504722 -0.0158348 -0.488887
9.05 -0.502838 -0.0160467 -0.486791
9.06 -0.499733 -0.0163446 -0.483388
9.07 -0.495154 -0.0164073 -0.478747
9.08 -0.489408 -0.0164635 -0.472945
9.09 -0.48232 -0.0162514 -0.466069
9.1 -0.474097 -0.0158867 -0.45821
9.11 -0.464677 -0.0152142 -0.449463
9.12 -0.454176 -0.014258 -0.439918
9.13 -0.442627 -0.0129638 -0.429663
9.14 -0.430066 -0.0112869 -0.418779
9.15 -0.416605 -0.00926836 -0.407337
9.16 -0.402218 -0.00682214 -0.395396
9.17 -0.387073 -0.0040687 -0.383004
9.18 -0.371099 -0.000902522 -0.370196
9.19 -0.354495 0.0024988 -0.356994
9.2 -0.337185 0.00622023 -0.343405
9.21 -0.319347 0.0100814 -0.329428
9.22 -0.300957 0.0140943 -0.315051
9.23 -0.282132 0.0181224 -0.300254
9.24 -0.262899 0.0221141 -0.285013
9.25 -0.243335 0.0259654 -0.2693
9.26 -0.223499 0.0295903 -0.253089
9.27 -0.203442 0.032914 -0.236356
9.28 -0.183238 0.0358437 -0.219082
9.29 -0.16293 0.0383253 -0.201255
9.3 -0.142586 0.040289 -0.182875
9.31 -0.122258 0.0416915 -0.16395
9.32 -0.101989 0.04251 -0.144499
9.33 -0.0818464 0.0427089 -0.124555
9.34 -0.0618499 0.0423116 -0.104161
9.35 -0.0420633 0.041308 -0.0833713
9.36 -0.0224993 0.0397483 -0.0622476
9.37 -0.00320224 0.0376587 -0.040861
9.38 0.0158124 0.0350998 -0.0192874
9.39 0.0345314 0.0321378 0.00239356
9.4 0.0529291 0.0288277 0.0241014
9.41 0.071028 0.0252715 0.0457565
9.42 0.0887901 0.0215075 0.0672826
9.43 0.106271 0.0176627 0.0886083
9.44 0.123422 0.0137532 0.109669
9.45 0.140315 0.0099083 0.130407
9.46 0.156916 0.00614315 0.150773
9.47 0.173282 0.00255573 0.170726
9.48 0.189399 -0.000834856 0.190234
9.49 0.205301 -0.00396847 0.209269
9.5 0.22099 -0.00682265 0.227813
9.51 0.236474 -0.00937299 0.245847
9.52 0.251761 -0.0115972 0.263358
9.53 0.266831 -0.0135012 0.280332
9.54 0.281692 -0.0150606 0.296753
9.55 0.29629 -0.0163093 0.312599
9.56 0.31064 -0.0172059 0.327846
9.57 0.324636 -0.0178227 0.342459
9.58 0.338299 -0.0180961 0.356395
9.59 0.351499 -0.0181042 0.369603
9.6 0.364231 -0.01779 0.382021
9.61 0.376361 -0.0172163 0.393577
9.62 0.387846 -0.0163458 0.404192
9.63 0.398573 -0.015204 0.413777
9.64 0.408441 -0.0137986 0.42224
9.65 0.41739 -0.0120928 0.429483
9.66 0.425236 -0.0101726 0.435409
9.67 0.43201 -0.0079106 0.439921
9.68 0.437425 -0.00550171 0.442927
9.69 0.441625 -0.00271686 0.444342
9.7 0.444226 0.000135418 0.444091
9.71 0.445441 0.00333165 0.442109
9.72 0.444936 0.00658746 0.438349
9.73 0.442851 0.010077 0.432774
9.74 0.438973 0.0136049 0.425368
9.75 0.43335 0.0172198 0.41613
9.76 0.425915 0.0208382 0.405077
9.77 0.416605 0.0243644 0.392241
9.78 0.405518 0.0278481 0.37767
9.79 0.392475 0.0310482 0.361427
9.8 0.377735 0.0341497 0.343585
9.81 0.361013 0.0367838 0.324229
9.82 0.34269 0.0392402 0.30345
9.83 0.322465 0.0411218 0.281343
9.84 0.300712 0.0427037 0.258008
9.85 0.277256 0.0437117 0.233544
9.86 0.252351 0.0443021 0.208049
9.87 0.225974 0.0443574 0.181617
9.88 0.198271 0.043934 0.154337
9.89 0.169344 0.0430493 0.126295
9.9 0.139257 0.0416886 0.0975684
9.91 0.108204 0.0399728 0.0682312
9.92 0.076198 0.0378471 0.0383509
9.93 0.043484 0.0354931 0.00799094
9.94 0.0100573 0.0328455 -0.0227882
9.95 -0.0238359 0.0300918 -0.0539277
9.96 -0.0581538 0.0272152 -0.085369
9.97 -0.0927103 0.0243419 -0.117052
9.98 -0.127402 0.0215121 -0.148914
9.99 -0.162096 0.0187912 -0.180887
10 -0.19666 0.0162387 -0.212899
10.01 -0.230977 0.0138923 -0.244869
10.02 -0.264931 0.0117821 -0.276713
10.03 -0.298385 0.00995254 -0.308338
10.04 -0.331277 0.00836664 -0.339644
10.05 -0.363419 0.00710821 -0.370527
10.06 -0.394838 0.00604197 -0.40088
10.07 -0.425269 0.00532217 -0.430591
10.08 -0.454822 0.0047276 -0.45955
10.09 -0.483231 0.00441463 -0.487646
10.1 -0.510594 0.00417946 -0.514773
10.11 -0.536714 0.00411934 -0.540833
10.12 -0.561633 0.00410066 -0.565734
10.13 -0.585247 0.00414583 -0.589393
10.14 -0.607525 0.00421586 -0.611741
10.15 -0.628472 0.00424854 -0.632721
10.16 -0.647965 0.00432319 -0.652288
10.17 -0.666129 0.00428489 -0.670414
10.18 -0.68274 0.0043412 -0.687081
10.19 -0.698042 0.00424437 -0.702286
10.2 -0.711712 0.00432508 -0.716037
10.21 -0.724053 0.00429773 -0.728351
10.22 -0.7348 0.00445236 -0.739252
10.23 -0.744154 0.00461838 -0.748772
10.24 -0.751961 0.00498299 -0.756944
10.25 -0.758315 0.00548572 -0.763801
10.26 -0.763177 0.00619686 -0.769374
10.27 -0.76653 0.00716024 -0.77369
10.28 -0.768447 0.00832313 -0.77677
10.29 -0.768804 0.00982166 -0.778626
10.3 -0.767784 0.0114756 -0.77926
10.31 -0.765157 0.0135077 -0.778665
10.32 -0.761204 0.0156197 -0.776824
10.33 -0.75563 0.0180795 -0.773709
10.34 -0.748732 0.0205544 -0.769286
10.35 -0.740288 0.0232237 -0.763512
10.36 -0.73049 0.0258472 -0.756337
10.37 -0.719231 0.0284813 -0.747712
10.38 -0.706598 0.0309878 -0.737586
10.39 -0.692596 0.033313 -0.725909
10.4 -0.677215 0.0354236 -0.712639
10.41 -0.660564 0.0371752 -0.697739
10.42 -0.642543 0.0386429 -0.681186
10.43 -0.623357 0.0396093 -0.662966
10.44 -0.602823 0.0402597 -0.643083
10.45 -0.581213 0.0403399 -0.621553
10.46 -0.558331 0.0400802 -0.598411
10.47 -0.534423 0.0392857 -0.573709
10.48 -0.509371 0.0381417 -0.547513
10.49 -0.483331 0.0365752 -0.519906
10.5 -0.456275 0.0347107 -0.490986
10.51 -0.428279 0.032581 -0.46086
10.52 -0.399397 0.0302509 -0.429648
10.53 -0.36964 0.0278352 -0.397475
10.54 -0.339125 0.0253474 -0.364472
10.55 -0.307817 0.0229551 -0.330772
10.56 -0.275884 0.0206217 -0.296506
10.57 -0.243265 0.0185367 -0.261802
10.58 -0.210145 0.0166382 -0.226783
10.59 -0.176496 0.0150695 -0.191566
10.6 -0.14247 0.0137857 -0.156256
10.61 -0.1081 0.0128507 -0.120951
10.62 -0.0734993 0.0122382 -0.0857375
10.63 -0.0387501 0.0119427 -0.0506928
10.64 -0.00395058 0.011933 -0.0158836
10.65 0.0307958 0.0121638 0.018632
10.66 0.0653775 0.0125741 0.0528034
10.67 0.0997046 0.0131184 0.0865862
10.68 0.133622 0.0136821 0.11994
10.69 0.167091 0.014264 0.152827
10.7 0.199884 0.0146736 0.18521
10.71 0.232027 0.014975 0.217052
10.72 0.263271 0.0149596 0.248311
10.73 0.293644 0.0146996 0.278944
10.74 0.32294 0.014038 0.308902
10.75 0.351151 0.0130204 0.338131
10.76 0.378152 0.011581 0.366571
10.77 0.403876 0.0097166 0.394159
10.78 0.428309 0.00748104 0.420828
10.79 0.451309 0.00480313 0.446506
10.8 0.472992 0.00187121 0.471121
10.81 0.493128 -0.00147256 0.494601
10.82 0.511968 -0.004907 0.516875
10.83 0.529206 -0.00867183 0.537878
10.84 0.545155 -0.0123935 0.557549
10.85 0.559592 -0.016242 0.575834
10.86 0.572735 -0.0199554 0.59269
10.87 0.584486 -0.0235982 0.608084
10.88 0.594966 -0.027027 0.621993
10.89 0.604188 -0.0302185 0.634407
10.9 0.612179 -0.0331472 0.645326
10.91 0.619043 -0.0357223 0.654765
10.92 0.624721 -0.0380269 0.662748
10.93 0.62939 -0.039918 0.669308
10.94 0.632908 -0.04158 0.674488
10.95 0.635501 -0.0428359 0.678337
10.96 0.63698 -0.0439284 0.680908
10.97 0.637556 -0.0447028 0.682259
10.98 0.637082 -0.0453632 0.682445
10.99 0.635678 -0.0458451 0.681523
11 0.633261 -0.046284 0.679545
11.01 0.62987 -0.0466884 0.676558
11.02 0.625487 -0.0471175 0.672605
11.03 0.620075 -0.0476427 0.667718
11.04 0.61369 -0.0482346 0.661925
11.05 0.606219 -0.0490249 0.655244
11.06 0.597804 -0.0498831 0.647687
11.07 0.588263 -0.0509955 0.639259
11.08 0.577804 -0.052153 0.629957
11.09 0.566246 -0.0535308 0.619777
11.1 0.553789 -0.0549204 0.608709
11.11 0.540331 -0.0564142 0.596745
11.12 0.52601 -0.0578656 0.583876
11.13 0.510821 -0.0592736 0.570095
11.14 0.494847 -0.0605536 0.555401
11.15 0.478164 -0.0616341 0.539798
11.16 0.460814 -0.0624855 0.523299
11.17 0.44293 -0.0629954 0.505925
11.18 0.424531 -0.0631751 0.487706
11.19 0.405772 -0.0629096 0.468682
11.2 0.386672 -0.0622301 0.448902
11.21 0.36737 -0.0610571 0.428427
11.22 0.347913 -0.0594121 0.407325
11.23 0.328394 -0.0572785 0.385673
11.24 0.308876 -0.0546765 0.363553
11.25 0.289417 -0.0516364 0.341053
11.26 0.270075 -0.0481921 0.318267
11.27 0.250889 -0.0443983 0.295287
11.28 0.231889 -0.040319 0.272208
11.29 0.21311 -0.0360117 0.249122
11.3 0.194546 -0.0315719 0.226118
11.31 0.176234 -0.0270479 0.203282
11.32 0.158133 -0.0225606 0.180694
11.33 0.140286 -0.0181404 0.158426
11.34 0.122635 -0.0139123 0.136547
11.35 0.105206 -0.00990967 0.115116
11.36 0.087957 -0.0062271 0.0941841
11.37 0.0708956 -0.00290246 0.0737981
11.38 0.0540006 4.03691e-06 0.0539966
11.39 0.0372733 0.00246057 0.0348127
11.4 0.0207151 0.00444049 0.0162746
11.41 0.0043275 0.00592153 -0.00159403
11.42 -0.0118597 0.00691306 -0.0187728
11.43 -0.0278457 0.00739794 -0.0352436
11.44 -0.0435623 0.00742806 -0.0509904
11.45 -0.0590185 0.006979 -0.0659975
11.46 -0.0740973 0.00615261 -0.0802499
11.47 -0.0888172 0.00491506 -0.0937323
11.48 -0.103043 0.00338562 -0.106429
11.49 -0.116771 0.00155138 -0.118322
11.5 -0.129877 -0.000480857 -0.129396
11.51 -0.142321 -0.00268915 -0.139632
11.52 -0.154013 -0.00500202 -0.149011
11.53 -0.164865 -0.00735019 -0.157515
11.54 -0.174851 -0.00972624 -0.165125
11.55 -0.183815 -0.0119923 -0.171823
11.56 -0.19182 -0.0142285 -0.177591
11.57 -0.198631 -0.0162161 -0.182415
11.58 -0.204408 -0.0181299 -0.186278
11.59 -0.208869 -0.0197009 -0.189168
11.6 -0.212205 -0.0211316 -0.191073
11.61 -0.214198 -0.0222139 -0.191984
11.62 -0.214976 -0.0230837 -0.191892
11.63 -0.214424 -0.0236324 -0.190792
11.64 -0.212593 -0.0239157 -0.188677
11.65 -0.209482 -0.0239357 -0.185546
11.66 -0.205061 -0.0236642 -0.181397
11.67 -0.199439 -0.02321 -0.176229
11.68 -0.192509 -0.0224643 -0.170045
11.69 -0.184479 -0.021631 -0.162848
11.7 -0.175176 -0.0205306 -0.154645
11.71 -0.16487 -0.0194231 -0.145447
11.72 -0.1534 -0.0181337 -0.135266
11.73 -0.141004 -0.0168816 -0.124122
11.74 -0.127609 -0.0155689 -0.11204
11.75 -0.113374 -0.0143228 -0.0990512
11.76 -0.0983183 -0.0131222 -0.0851961
11.77 -0.0825373 -0.0120128 -0.0705245
11.78 -0.0661228 -0.0110262 -0.0550966
11.79 -0.049132 -0.0101475 -0.0389845
11.8 -0.031702 -0.0094298 -0.0222722
11.81 -0.0138791 -0.00882243 -0.00505667
11.82 0.00418459 -0.00836759 0.0125522
11.83 0.0224224 -0.00800932 0.0304317
11.84 0.0407013 -0.00774589 0.0484472
11.85 0.0589059 -0.00754687 0.0664528
11.86 0.0769392 -0.00735384 0.084293
11.87 0.0946537 -0.00715126 0.101805
11.88 0.111962 -0.00685814 0.11882
11.89 0.128723 -0.00644455 0.135168
11.9 0.144826 -0.00585048 0.150676
11.91 0.160176 -0.00500365 0.16518
11.92 0.17461 -0.00390656 0.178517
11.93 0.188118 -0.00241872 0.190537
11.94 0.200457 -0.000645846 0.201103
11.95 0.211735 0.00164119 0.210094
11.96 0.221605 0.0041977 0.217407
11.97 0.23027 0.00730796 0.222962
11.98 0.237418 0.0107185 0.2267
11.99 0.243197 0.0146119 0.228585
12 0.247404 0.0187955 0.228609
12.01 0.250107 0.0233232 0.226784
12.02 0.251229 0.0280807 0.223148
12.03 0.250743 0.0329815 0.217762
12.04 0.248708 0.0380055 0.210702
12.05 0.244997 0.0429293 0.202068
12.06 0.239802 0.0478345 0.191968
12.07 0.232893 0.0523697 0.180523
12.08 0.224581 0.0567179 0.167863
12.09 0.21457 0.0604517 0.154118
12.1 0.203198 0.0637782 0.13942
12.11 0.190256 0.066362 0.123894
12.12 0.17597 0.0683097 0.10766
12.13 0.160256 0.0694286 0.0908274
12.14 0.143234 0.0697427 0.0734913
12.15 0.124935 0.0692016 0.0557334
12.16 0.105387 0.0677676 0.0376194
12.17 0.0847184 0.0655198 0.0191986
12.18 0.0628834 0.0623789 0.000504539
12.19 0.0400911 0.0585357 -0.0184446
12.2 0.0162429 0.0538871 -0.0376442
12.21 -0.00840576 0.0486953 -0.057101
12.22 -0.0339431 0.0428878 -0.0768309
12.23 -0.0601388 0.0367169 -0.0968557
12.24 -0.0870014 0.0301986 -0.1172
12.25 -0.114369 0.0235188 -0.137888
12.26 -0.142172 0.0167676 -0.15894
12.27 -0.170291 0.0100776 -0.180369
12.28 -0.198612 0.00356618 -0.202178
12.29 -0.227023 -0.00266372 -0.224359
12.3 -0.255402 -0.00851377 -0.246888
12.31 -0.283615 -0.0138898 -0.269725
12.32 -0.311571 -0.0187577 -0.292813
12.33 -0.33908 -0.0230019 -0.316078
12.34 -0.366108 -0.0266801 -0.339428
12.35 -0.392419 -0.029664 -0.362755
12.36 -0.418012 -0.0320756 -0.385936
12.37 -0.442661 -0.0338246 -0.408836
12.38 -0.466346 -0.0350372 -0.431309
12.39 -0.488896 -0.0356964 -0.4532
12.4 -0.51024 -0.03589 -0.47435
12.41 -0.530303 -0.0357036 -0.494599
12.42 -0.54893 -0.0351412 -0.513789
12.43 -0.566174 -0.0344102 -0.531764
12.44 -0.581775 -0.0333976 -0.548377
12.45 -0.595932 -0.0324392 -0.563493
12.46 -0.608266 -0.0312801 -0.576986
12.47 -0.619082 -0.0303349 -0.588747
12.48 -0.628031 -0.0293482 -0.598683
12.49 -0.635354 -0.028637 -0.606717
12.5 -0.640827 -0.0280355 -0.612791
12.51 -0.644582 -0.0277152 -0.616867
12.52 -0.646539 -0.0276175 -0.618922
12.53 -0.646713 -0.0277606 -0.618952
12.54 -0.645169 -0.0281957 -0.616973
12.55 -0.641806 -0.0287916 -0.613014
12.56 -0.636831 -0.0297098 -0.607121
12.57 -0.630033 -0.0306803 -0.599353
12.58 -0.621748 -0.031967 -0.589781
12.59 -0.611674 -0.0331851 -0.578489
12.6 -0.600202 -0.0346326 -0.565569
12.61 -0.587124 -0.0360001 -0.551124
12.62 -0.572709 -0.0374478 -0.535261
12.63 -0.556891 -0.0387948 -0.518096
12.64 -0.539835 -0.0400863 -0.499749
12.65 -0.521597 -0.0412541 -0.480343
12.66 -0.502259 -0.0422532 -0.460006
12.67 -0.481971 -0.0431043 -0.438867
12.68 -0.460758 -0.0437019 -0.417056
12.69 -0.438829 -0.0441244 -0.394705
12.7 -0.416183 -0.0442408 -0.371942
12.71 -0.393047 -0.0441498 -0.348897
12.72 -0.369434 -0.0437393 -0.325695
12.73 -0.345533 -0.0430773 -0.302456
12.74 -0.321411 -0.0421153 -0.279296
12.75 -0.297192 -0.0408688 -0.256323
12.76 -0.272971 -0.0393324 -0.233639
12.77 -0.248838 -0.0375059 -0.211332
12.78 -0.22488 -0.0353969 -0.189483
12.79 -0.201174 -0.0330158 -0.168158
12.8 -0.177769 -0.0303585 -0.14741
12.81 -0.154749 -0.0274709 -0.127278
12.82 -0.132102 -0.0243181 -0.107784
12.83 -0.109931 -0.0209964 -0.0889346
12.84 -0.0881672 -0.0174463 -0.0707209
12.85 -0.0669063 -0.0137887 -0.0531176
12.86 -0.0460607 -0.00997647 -0.0360842
12.87 -0.0256808 -0.0061146 -0.0195662
12.88 -0.00569799 -0.00220184 -0.00349615
12.89 0.013889 0.00168479 0.0122042
12.9 0.033127 0.00550508 0.0276219
12.91 0.0520565 0.00920618 0.0428503
12.92 0.070706 0.0127196 0.0579864
12.93 0.0891366 0.0160088 0.0731278
12.94 0.107365 0.0189948 0.0883702
12.95 0.125454 0.0216499 0.103804
12.96 0.143413 0.0239008 0.119512
12.97 0.161293 0.0257263 0.135567
12.98 0.179103 0.0270758 0.152027
12.99 0.196869 0.0279308 0.168938
13 0.214596 0.0282678 0.186328
13.01 0.23229 0.0280818 0.204208
13.02 0.249946 0.0273748 0.222571
13.03 0.267554 0.0261622 0.241392
13.04 0.285098 0.0244708 0.260627
13.05 0.302552 0.0223345 0.280217
13.06 0.319896 0.0198087 0.300087
13.07 0.337082 0.0169347 0.320147
13.08 0.354101 0.0138044 0.340297
13.09 0.370871 0.0104464 0.360425
13.1 0.387401 0.00698743 0.380414
13.11 0.403594 0.00345267 0.400141
13.12 0.419455 -2.86422e-05 0.419484
13.13 0.434895 -0.00342165 0.438317
13.14 0.449898 -0.00662118 0.456519
13.15 0.464396 -0.00957875 0.473975
13.16 0.478343 -0.0122304 0.490573
13.17 0.491707 -0.0145059 0.506213
13.18 0.504393 -0.0164074 0.5208
13.19 0.516421 -0.0178314 0.534252
13.2 0.52763 -0.0188659 0.546496
13.21 0.538109 -0.019359 0.557468
13.22 0.547618 -0.019498 0.567116
13.23 0.55629 -0.0191067 0.575397
13.24 0.563898 -0.0183781 0.582276
13.25 0.57052 -0.0172083 0.587728
13.26 0.575991 -0.0157439 0.591735
13.27 0.580319 -0.0139653 0.594284
13.28 0.583418 -0.0119525 0.595371
13.29 0.585215 -0.00977758 0.594993
13.3 0.585722 -0.00743217 0.593154
13.31 0.584771 -0.0050919 0.589863
13.32 0.582498 -0.00263215 0.58513
13.33 0.578629 -0.000341874 0.578971
13.34 0.573419 0.0020153 0.571404
13.35 0.566541 0.00408996 0.562451
13.36 0.558282 0.00614258 0.552139
13.37 0.548408 0.00790819 0.5405
13.38 0.537116 0.00954794 0.527568
13.39 0.52431 0.0109247 0.513385
13.4 0.510097 0.0120989 0.497998
13.41 0.494517 0.0130579 0.481459
13.42 0.477596 0.0137691 0.463827
13.43 0.459492 0.014326 0.445166
13.44 0.440167 0.01462 0.425547
13.45 0.419871 0.0148251 0.405046
13.46 0.398526 0.0147823 0.383744
13.47 0.376418 0.0146918 0.361726
13.48 0.353504 0.0144215 0.339083
13.49 0.330024 0.0141191 0.315905
13.5 0.306015 0.0137275 0.292287
13.51 0.281641 0.0133154 0.268326
13.52 0.257 0.0128852 0.244115
13.53 0.232211 0.0124609 0.21975
13.54 0.207392 0.0120664 0.195326
13.55 0.182653 0.0117195 0.170934
13.56 0.15809 0.0114255 0.146664
13.57 0.133836 0.011229 0.122607
13.58 0.109938 0.0110902 0.0988478
13.59 0.0865786 0.0111063 0.0754723
13.6 0.0637445 0.0111799 0.0525646
13.61 0.0416467 0.0114381 0.0302086
13.62 0.0202587 0.01177 0.00848871
13.63 -0.000228215 0.0122815 -0.0125097
13.64 -0.0198058 0.0128937 -0.0326995
13.65 -0.0383341 0.0136565 -0.0519906
13.66 -0.0557413 0.0145491 -0.0702904
13.67 -0.071965 0.0155376 -0.0875026
13.68 -0.0868427 0.0166852 -0.103528
13.69 -0.100418 0.0178458 -0.118264
13.7 -0.112412 0.0191938 -0.131606
13.71 -0.123002 0.0204458 -0.143448
13.72 -0.131775 0.0219091 -0.153684
13.73 -0.139008 0.0232031 -0.162211
13.74 -0.144319 0.02461 -0.168929
13.75 -0.147915 0.0258296 -0.173745
13.76 -0.14954 0.0270338 -0.176574
13.77 -0.149298 0.0280463 -0.177344
13.78 -0.147094 0.0289041 -0.175998
13.79 -0.142918 0.0295764 -0.172494
13.8 -0.136852 0.02996 -0.166812
13.81 -0.128774 0.0301777 -0.158952
13.82 -0.118942 0.0299957 -0.148938
13.83 -0.10714 0.0296791 -0.136819
13.84 -0.0937706 0.0289002 -0.122671
13.85 -0.0785769 0.0280168 -0.106594
13.86 -0.0620013 0.0267127 -0.088714
13.87 -0.0439247 0.0252578 -0.0691825
13.88 -0.024665 0.0235075 -0.0481725
13.89 -0.00426623 0.0216113 -0.0258775
13.9 0.0170506 0.0195592 -0.00250858
13.91 0.0391295 0.0174201 0.0217094
13.92 0.0618079 0.0152666 0.0465413
13.93 0.0848792 0.0131334 0.0717458
13.94 0.108196 0.0111164 0.0970796
13.95 0.131565 0.00926335 0.122302
13.96 0.154809 0.00763174 0.147177
13.97 0.177803 0.00632105 0.171482
13.98 0.200317 0.00531198 0.195005
13.99 0.2223 0.00474741 0.217553
14 0.243519 0.00456885 0.23895
14.01 0.263941 0.0048965 0.259045
14.02 0.283381 0.00567598 0.277705
14.03 0.301779 0.00695471 0.294824
14.04 0.319039 0.00872093 0.310318
14.05 0.33504 0.0109154 0.324125
14.06 0.349796 0.0135927 0.336203
14.07 0.363099 0.0165658 0.346533
14.08 0.375092 0.0199816 0.35511
14.09 0.385455 0.0235087 0.361946
14.1 0.394437 0.0273732 0.367064
14.11 0.40169 0.0311941 0.370496
14.12 0.407447 0.0351653 0.372282
14.13 0.411443 0.0389782 0.372465
14.14 0.413808 0.0427176 0.37109
14.15 0.414394 0.0461907 0.368203
14.16 0.413215 0.0493683 0.363847
14.17 0.410258 0.0521976 0.35806
14.18 0.405409 0.0545284 0.350881
14.19 0.398803 0.0564639 0.342339
14.2 0.390197 0.057733 0.332464
14.21 0.379882 0.0586022 0.32128
14.22 0.367491 0.0586824 0.308809
14.23 0.35342 0.0583487 0.295071
14.24 0.337348 0.0572592 0.280089
14.25 0.3196 0.0557164 0.263884
14.26 0.30001 0.0535286 0.246481
14.27 0.278786 0.0508733 0.227913
14.28 0.25593 0.0477161 0.208214
14.29 0.231548 0.0441198 0.187428
14.3 0.205786 0.0401788 0.165607
14.31 0.178673 0.0358624 0.142811
14.32 0.150464 0.0313571 0.119107
14.33 0.121145 0.026572 0.094573
14.34 0.0910294 0.0217357 0.0692937
14.35 0.060102 0.016741 0.043361
14.36 0.0286619 0.0117891 0.0168728
14.37 -0.00322246 0.00684555 -0.010068
14.38 -0.0353445 0.00201115 -0.0373557
14.39 -0.0675669 -0.00268444 -0.0648825
14.4 -0.099738 -0.00719734 -0.0925407
14.41 -0.131707 -0.0114832 -0.120224
14.42 -0.163336 -0.0155079 -0.147828
14.43 -0.194513 -0.0192593 -0.175254
14.44 -0.225076 -0.0226705 -0.202405
14.45 -0.25499 -0.0257964 -0.229194
14.46 -0.284042 -0.0285079 -0.255534
14.47 -0.312297 -0.0309481 -0.281349
14.48 -0.339481 -0.0329156 -0.306565
14.49 -0.365725 -0.0346088 -0.331116
14.5 -0.390791 -0.0358528 -0.354938
14.51 -0.414767 -0.0367947 -0.377972
14.52 -0.437498 -0.0373363 -0.400162
14.53 -0.459003 -0.0375514 -0.421452
14.54 -0.479221 -0.037433 -0.441788
14.55 -0.498087 -0.0369699 -0.461117
14.56 -0.515643 -0.0362586 -0.479384
14.57 -0.531721 -0.0351863 -0.496535
14.58 -0.546476 -0.0339644 -0.512512
14.59 -0.559628 -0.03237 -0.527258
14.6 -0.571429 -0.0307126 -0.540716
14.61 -0.581543 -0.0287135 -0.55283
14.62 -0.590229 -0.0266872 -0.563542
14.63 -0.597224 -0.0244238 -0.5728
14.64 -0.602684 -0.0221281 -0.580556
14.65 -0.606467 -0.0197013 -0.586766
14.66 -0.608623 -0.0172292 -0.591394
14.67 -0.609142 -0.014729 -0.594413
14.68 -0.607963 -0.0121563 -0.595807
14.69 -0.605218 -0.00964848 -0.59557
14.7 -0.600742 -0.00703318 -0.593709
14.71 -0.594801 -0.00455605 -0.590245
14.72 -0.587141 -0.0019293 -0.585212
14.73 -0.578118 0.000538158 -0.578656
14.74 -0.567502 0.00313613 -0.570638
14.75 -0.555605 0.00562419 -0.561229
14.76 -0.54232 0.00819135 -0.550511
14.77 -0.527853 0.0107223 -0.538575
14.78 -0.512224 0.0132945 -0.525519
14.79 -0.49555 0.0158929 -0.511443
14.8 -0.477945 0.0185075 -0.496452
14.81 -0.45946 0.0211912 -0.480651
14.82 -0.440267 0.0238733 -0.46414
14.83 -0.420376 0.0266401 -0.447016
14.84 -0.399982 0.0293864 -0.429368
14.85 -0.379076 0.0322024 -0.411278
14.86 -0.357836 0.0349814 -0.392817
14.87 -0.336281 0.0377654 -0.374046
14.88 -0.314528 0.0404871 -0.355015
14.89 -0.292624 0.0431385 -0.335762
14.9 -0.270643 0.045674 -0.316317
14.91 -0.24864 0.0480576 -0.296698
14.92 -0.226666 0.0502494 -0.276915
14.93 -0.204765 0.0522103 -0.256975
14.94 -0.182986 0.0538917 -0.236878
14.95 -0.161353 0.055268 -0.216621
14.96 -0.139925 0.0562788 -0.196204
14.97 -0.118698 0.0569292 -0.175627
14.98 -0.0977567 0.0571398 -0.154896
14.99 -0.0770758 0.056948 -0.134024
15 -0.0567415 0.0562876 -0.113029
15.01 -0.03674 0.0552019 -0.0919419
15.02 -0.0171446 0.0536573 -0.0708019
15.03 0.00203523 0.0516946 -0.0496594
15.04 0.0207487 0.049324 -0.0285753
15.05 0.0389527 0.0465734 -0.00762067
15.06 0.0566308 0.0435064 0.0131244
15.07 0.0736957 0.0401239 0.0335718
15.08 0.09018 0.0365521 0.0536279
15.09 0.105942 0.0327476 0.0731944
15.1 0.121071 0.0288995 0.0921715
15.11 0.135383 0.0249233 0.11046
15.12 0.148994 0.0210317 0.127962
15.13 0.161748 0.0171605 0.144587
15.14 0.173721 0.0134705 0.160251
15.15 0.18482 0.00994442 0.174876
15.16 0.195073 0.00667578 0.188397
15.17 0.204456 0.00369433 0.200762
15.18 0.212943 0.00101544 0.211928
15.19 0.220585 -0.0012814 0.221866
15.2 0.227298 -0.00326449 0.230562
15.21 0.233205 -0.00480759 0.238013
15.22 0.238164 -0.00606117 0.244225
15.23 0.242353 -0.00686631 0.249219
15.24 0.245614 -0.00740942 0.253023
15.25 0.248112 -0.00756172 0.255674
15.26 0.24974 -0.00747265 0.257213
15.27 0.250597 -0.00709016 0.257687
15.28 0.250638 -0.00650915 0.257147
15.29 0.249899 -0.00574486 0.255644
15.3 0.24839 -0.00483852 0.253229
15.31 0.246088 -0.00386317 0.249951
15.32 0.243059 -0.00280071 0.24586
15.33 0.23922 -0.00177921 0.240999
15.34 0.234691 -0.000720524 0.235412
15.35 0.229335 0.000199872 0.229135
15.36 0.223311 0.00110574 0.222205
15.37 0.216486 0.00183178 0.214654
15.38 0.208993 0.00248104 0.206512
15.39 0.200755 0.00294834 0.197807
15.4 0.191854 0.00328845 0.188566
15.41 0.182278 0.00346229 0.178816
15.42 0.172068 0.00348321 0.168585
15.43 0.161271 0.0033692 0.157902
15.44 0.149896 0.00309829 0.146798
15.45 0.138039 0.00273308 0.135306
15.46 0.125689 0.00222637 0.123463
15.47 0.112976 0.00166902 0.111307
15.48 0.0998885 0.00100747 0.098881
15.49 0.0865571 0.00032754 0.0862296
15.5 0.0730077 -0.000392067 0.0733998
15.51 0.0593371 -0.00110367 0.0604408
15.52 0.0456072 -0.00179586 0.0474031
15.53 0.0318915 -0.00244638 0.0343379
15.54 0.0182639 -0.00303265 0.0212966
15.55 0.00479222 -0.0035377 0.00832992
15.56 -0.00846321 -0.00395091 -0.0045123
15.57 -0.0214226 -0.00424063 -0.017182
15.58 -0.0340622 -0.00442931 -0.0296329
15.59 -0.0462754 -0.00445429 -0.0418211
15.6 -0.0580909 -0.00438591 -0.053705
15.61 -0.0693675 -0.00412226 -0.0652452
15.62 -0.0801741 -0.00376933 -0.0764048
15.63 -0.0903875 -0.00323907 -0.0871484
15.64 -0.100059 -0.0026162 -0.0974428
15.65 -0.109109 -0.00185326 -0.107256
15.66 -0.117559 -0.00100287 -0.116556
15.67 -0.125382 -6.84409e-05 -0.125314
15.68 -0.132559 0.000939053 -0.133498
15.69 -0.139117 0.00196301 -0.14108
15.7 -0.144995 0.00303522 -0.14803
15.71 -0.150272 0.00404805 -0.15432
15.72 -0.154843 0.00507882 -0.159922
15.73 -0.158833 0.00597635 -0.164809
15.74 -0.162113 0.00684569 -0.168959
15.75 -0.164812 0.007537 -0.172349
15.76 -0.16684 0.00812354 -0.174964
15.77 -0.168282 0.00850875 -0.176791
15.78 -0.169099 0.00872636 -0.177825
15.79 -0.169336 0.00873348 -0.178069
15.8 -0.169008 0.00852561 -0.177534
15.81 -0.168123 0.00811453 -0.176238
15.82 -0.166747 0.00746397 -0.174211
15.83 -0.164862 0.00663208 -0.171494
15.84 -0.162573 0.00556453 -0.168138
15.85 -0.159851 0.00435142 -0.164202
15.86 -0.15682 0.00293974 -0.15976
15.87 -0.153473 0.00141654 -0.15489
15.88 -0.149919 -0.000239232 -0.14968
15.89 -0.146195 -0.00197023 -0.144225
15.9 -0.142381 -0.00375746 -0.138624
15.91 -0.138545 -0.00556727 -0.132978
15.92 -0.134758 -0.00736848 -0.12739
15.93 -0.131092 -0.00913266 -0.121959
15.94 -0.127625 -0.0108413 -0.116784
15.95 -0.124408 -0.0124552 -0.111953
15.96 -0.12154 -0.0139912 -0.107549
15.97 -0.119027 -0.0153833 -0.103644
15.98 -0.117004 -0.0167061 -0.100298
15.99 -0.115423 -0.017864 -0.097559
16 -0.11442 -0.0189594 -0.0954606
16.01 -0.113937 -0.0199144 -0.0940226
16.02 -0.114068 -0.0208175 -0.0932505
16.03 -0.114772 -0.021636 -0.093136
16.04 -0.116082 -0.0224242 -0.0936578
16.05 -0.117982 -0.0231992 -0.0947828
16.06 -0.120441 -0.0239738 -0.0964672
16.07 -0.123466 -0.0248073 -0.0986587
16.08 -0.126973 -0.0256754 -0.101298
16.09 -0.130984 -0.0266645 -0.104319
16.1 -0.135375 -0.0277185 -0.107656
16.11 -0.14017 -0.0289306 -0.111239
16.12 -0.145238 -0.0302387 -0.114999
16.13 -0.150562 -0.0316929 -0.118869
16.14 -0.156045 -0.0332604 -0.122785
16.15 -0.161629 -0.0349437 -0.126685
16.16 -0.167238 -0.0367227 -0.130515
16.17 -0.172795 -0.038572 -0.134223
16.18 -0.178228 -0.0404665 -0.137761
16.19 -0.183466 -0.0423783 -0.141088
16.2 -0.188416 -0.0442539 -0.144162
16.21 -0.193041 -0.0460936 -0.146947
16.22 -0.197208 -0.0478002 -0.149408
16.23 -0.20093 -0.0494223 -0.151508
16.24 -0.204021 -0.0508102 -0.153211
16.25 -0.206537 -0.0520582 -0.154479
16.26 -0.208297 -0.0530262 -0.155271
16.27 -0.209332 -0.0537898 -0.155542
16.28 -0.209503 -0.054258 -0.155245
16.29 -0.208801 -0.0544742 -0.154327
16.3 -0.207149 -0.054417 -0.152732
16.31 -0.204479 -0.0540775 -0.150402
16.32 -0.200797 -0.0535225 -0.147274
16.33 -0.19596 -0.0526713 -0.143289
16.34 -0.190075 -0.051692 -0.138383
16.35 -0.18292 -0.050422 -0.132498
16.36 -0.174692 -0.0491131 -0.125579
16.37 -0.165133 -0.0475564 -0.117577
16.38 -0.154465 -0.0460148 -0.10845
16.39 -0.142501 -0.0443325 -0.0981685
16.4 -0.129393 -0.0426813 -0.0867117
16.41 -0.115064 -0.0409912 -0.0740728
16.42 -0.0995927 -0.039334 -0.0602587
16.43 -0.0830125 -0.0377214 -0.0452911
16.44 -0.0653356 -0.0361294 -0.0292062
16.45 -0.046692 -0.0346366 -0.0120554
16.46 -0.0270427 -0.0331384 0.0060957
16.47 -0.00659201 -0.0317603 0.0251683
16.48 0.014729 -0.0303424 0.0450714
16.49 0.0366845 -0.0290191 0.0657036
16.5 0.0593104 -0.0276447 0.0869551
16.51 0.0824106 -0.0262988 0.108709
16.52 0.105951 -0.0248949 0.130846
16.53 0.129793 -0.0234489 0.153242
16.54 0.153852 -0.0219229 0.175775
16.55 0.178022 -0.0203024 0.198324
16.56 0.202202 -0.0185718 0.220774
16.57 0.226293 -0.0167192 0.243012
16.58 0.250208 -0.0147272 0.264935
16.59 0.273827 -0.012619 0.286446
16.6 0.297113 -0.0103432 0.307456
16.61 0.319897 -0.00798836 0.327885
16.62 0.342197 -0.00546432 0.347661
16.63 0.363828 -0.00289154 0.36672
16.64 0.384817 -0.00018541 0.385002
16.65 0.405006 0.00254771 0.402458
16.66 0.424392 0.00535152 0.41904
16.67 0.442869 0.00816287 0.434706
16.68 0.460384 0.0109689 0.449415
16.69 0.476902 0.0137729 0.463129
16.7 0.492298 0.0164875 0.47581
16.71 0.506629 0.0192069 0.487422
16.72 0.519678 0.0217514 0.497927
16.73 0.531608 0.0243219 0.507286
16.74 0.542101 0.0266382 0.515463
16.75 0.551391 0.0289718 0.522419
16.76 0.559192 0.0310733 0.528119
16.77 0.565666 0.0331395 0.532526
16.78 0.570627 0.0350161 0.535611
16.79 0.574149 0.0368047 0.537344
16.8 0.57616 0.0384555 0.537704
16.81 0.576636 0.0399602 0.536676
16.82 0.575633 0.0413826 0.53425
16.83 0.573027 0.042598 0.530429
16.84 0.569002 0.0437804 0.525222
16.85 0.563338 0.0446896 0.518648
16.86 0.556335 0.0455959 0.510739
16.87 0.547715 0.0461814 0.501534
16.88 0.537809 0.0467282 0.491081
16.89 0.526433 0.0469948 0.479438
16.9 0.513814 0.0471436 0.46667
16.91 0.499894 0.0470459 0.452848
16.92 0.484807 0.0467608 0.438046
16.93 0.468607 0.0462647 0.422342
16.94 0.451347 0.0455319 0.405815
16.95 0.433168 0.0446256 0.388542
16.96 0.414067 0.0434672 0.3706
16.97 0.394241 0.0421817 0.352059
16.98 0.373654 0.0406658 0.332988
16.99 0.352522 0.0390733 0.313449
17 0.330825 0.0373282 0.293497
17.01 0.308743 0.0355597 0.273183
17.02 0.28631 0.0337565 0.252553
17.03 0.263651 0.0320027 0.231648
17.04 0.240842 0.0303365 0.210506
17.05 0.217976 0.0288146 0.189161
17.06 0.195145 0.027493 0.167652
17.07 0.172441 0.0264254 0.146016
17.08 0.149941 0.0256469 0.124294
17.09 0.127762 0.0252267 0.102535
17.1 0.10594 0.0251456 0.0807944
17.11 0.084646 0.0255103 0.0591357
17.12 0.063861 0.0262277 0.0376333
17.13 0.0437886 0.027416 0.0163726
17.14 0.024394 0.0289446 -0.00455056
17.15 0.00586209 0.0308913 -0.0250292
17.16 -0.011813 0.0331338 -0.0449468
17.17 -0.0285012 0.0356769 -0.0641781
17.18 -0.0441574 0.0384344 -0.0825918
17.19 -0.0587337 0.0413185 -0.100052
17.2 -0.0721165 0.0443061 -0.116423
17.21 -0.0843625 0.0472058 -0.131568
17.22 -0.0952787 0.0500812 -0.14536
17.23 -0.105042 0.0526349 -0.157677
17.24 -0.113376 0.0550349 -0.168411
17.25 -0.120543 0.0569265 -0.177469
17.26 -0.126309 0.0584694 -0.184778
17.27 -0.130889 0.0593959 -0.190285
17.28 -0.134166 0.0597935 -0.193959
17.29 -0.136278 0.0595194 -0.195797
17.3 -0.137227 0.0585931 -0.19582
17.31 -0.137085 0.0569896 -0.194075
17.32 -0.135956 0.0546777 -0.190634
17.33 -0.133859 0.0517357 -0.185595
17.34 -0.130975 0.0481022 -0.179077
17.35 -0.127289 0.0439323 -0.171221
17.36 -0.123026 0.0391582 -0.162184
17.37 -0.118166 0.0339713 -0.152137
17.38 -0.112922 0.0283404 -0.141262
17.39 -0.107333 0.022415 -0.129748
17.4 -0.101544 0.0162415 -0.117786
17.41 -0.095642 0.00992386 -0.105566
17.42 -0.0897321 0.00354335 -0.0932755
17.43 -0.0839129 -0.00281941 -0.0810935
17.44 -0.0782767 -0.00908765 -0.069189
17.45 -0.0729011 -0.0151823 -0.0577188
17.46 -0.0678924 -0.0210671 -0.0468253
17.47 -0.0632797 -0.026644 -0.0366357
17.48 -0.0592064 -0.0319449 -0.0272615
17.49 -0.0556383 -0.0368404 -0.0187979
17.5 -0.0527588 -0.0414341 -0.0113247
17.51 -0.0504948 -0.0455878 -0.00490703
17.52 -0.0490107 -0.0494142 0.000403536
17.53 -0.0482603 -0.0528276 0.0045673
17.54 -0.0483579 -0.0559127 0.00755482
17.55 -0.0493024 -0.0586476 0.00934515
17.56 -0.0511444 -0.0610685 0.00992409
17.57 -0.0539421 -0.0632246 0.00928252
17.58 -0.0576707 -0.0650857 0.00741501
17.59 -0.0624582 -0.0667769 0.00431866
17.6 -0.0681939 -0.0681861 -7.8173e-06
17.61 -0.0750821 -0.0695176 -0.00556453
17.62 -0.0829355 -0.0705849 -0.0123506
17.63 -0.0919831 -0.0716194 -0.0203637
17.64 -0.102033 -0.0724329 -0.0296001
17.65 -0.113245 -0.0731919 -0.0400531
17.66 -0.125492 -0.0737796 -0.0517124
17.67 -0.138837 -0.0742744 -0.0645626
17.68 -0.153215 -0.0746327 -0.0785823
17.69 -0.168589 -0.0748467 -0.0937423
17.7 -0.184949 -0.0749444 -0.110005
17.71 -0.202167 -0.0748457 -0.127321
17.72 -0.220272 -0.0746383 -0.145634
17.73 -0.239065 -0.074193 -0.164872
17.74 -0.258588 -0.0736335 -0.184955
17.75 -0.278617 -0.0728286 -0.205788
17.76 -0.299142 -0.0718722 -0.22727
17.77 -0.319978 -0.0706934 -0.249285
17.78 -0.341042 -0.0693321 -0.27171
17.79 -0.362193 -0.0677775 -0.294416
17.8 -0.383304 -0.0660387 -0.317265
17.81 -0.404249 -0.0641298 -0.340119
17.82 -0.424901 -0.0620655 -0.362836
17.83 -0.445116 -0.0598436 -0.385272
17.84 -0.464814 -0.0575237 -0.40729
17.85 -0.483799 -0.0550457 -0.428753
17.86 -0.502081 -0.0525501 -0.449531
17.87 -0.519383 -0.0498834 -0.4695
17.88 -0.535805 -0.0472615 -0.488544
17.89 -0.55107 -0.0445144 -0.506556
17.9 -0.565268 -0.0418304 -0.523438
17.91 -0.578195 -0.0390944 -0.539101
17.92 -0.589885 -0.0364205 -0.553464
17.93 -0.600235 -0.0337775 -0.566457
17.94 -0.609203 -0.0311872 -0.578016
17.95 -0.616799 -0.0287165 -0.588083
17.96 -0.622892 -0.0262851 -0.596607
17.97 -0.627613 -0.0240697 -0.603543
17.98 -0.630727 -0.0218766 -0.60885
17.99 -0.632488 -0.0199971 -0.612491
18 -0.632564 -0.0181337 -0.61443
18.01 -0.631264 -0.0166268 -0.614637
18.02 -0.628319 -0.0152358 -0.613083
18.03 -0.623936 -0.0141931 -0.609743
18.04 -0.617961 -0.0133661 -0.604595
18.05 -0.610494 -0.0128714 -0.597623
18.06 -0.601504 -0.0126892 -0.588815
18.07 -0.590982 -0.0128143 -0.578168
18.08 -0.57902 -0.0133341 -0.565686
18.09 -0.565508 -0.014124 -0.551384
18.1 -0.550655 -0.015367 -0.535288
18.11 -0.534264 -0.0168272 -0.517437
18.12 -0.516639 -0.0187558 -0.497883
18.13 -0.497552 -0.0208571 -0.476695
18.14 -0.477314 -0.0233588 -0.453955
18.15 -0.455797 -0.026034 -0.429763
18.16 -0.433216 -0.0289833 -0.404233
18.17 -0.409565 -0.0320715 -0.377494
18.18 -0.384981 -0.0352925 -0.349689
18.19 -0.359558 -0.0385853 -0.320973
18.2 -0.333378 -0.0418665 -0.291511
18.21 -0.306602 -0.045124 -0.261478
18.22 -0.279288 -0.048237 -0.231051
18.23 -0.251621 -0.0512096 -0.200411
18.24 -0.22367 -0.0539299 -0.16974
18.25 -0.195599 -0.0563844 -0.139215
18.26 -0.167519 -0.0585126 -0.109006
18.27 -0.139546 -0.0602678 -0.0792782
18.28 -0.111824 -0.0616424 -0.0501816
18.29 -0.0844347 -0.0625797 -0.021855
18.3 -0.0575167 -0.0630944 0.00557771
18.31 -0.0311547 -0.0631636 0.0320089
18.32 -0.0054402 -0.0627875 0.0573473
18.33 0.019511 -0.0620077 0.0815187
18.34 0.043684 -0.0607814 0.104465
18.35 0.0669096 -0.0592357 0.126145
18.36 0.0892709 -0.0572604 0.146531
18.37 0.110529 -0.0550802 0.165609
18.38 0.130848 -0.0525288 0.183377
18.39 0.149994 -0.0498469 0.199841
18.4 0.168117 -0.0468995 0.215016
18.41 0.185058 -0.0438659 0.228924
18.42 0.200903 -0.0406844 0.241587
18.43 0.215585 -0.0374483 0.253033
18.44 0.229119 -0.0341698 0.263289
18.45 0.241533 -0.0308475 0.27238
18.46 0.252766 -0.0275677 0.280334
18.47 0.262939 -0.0242332 0.287172
18.48 0.271918 -0.021 0.292918
18.49 0.279911 -0.0176805 0.297592
18.5 0.286716 -0.0144966 0.301213
18.51 0.292586 -0.011215 0.303801
18.52 0.297367 -0.00801053 0.305378
18.53 0.301243 -0.00472234 0.305965
18.54 0.30415 -0.00144122 0.305591
18.55 0.306202 0.00191521 0.304287
18.56 0.307421 0.00533132 0.30209
18.57 0.307863 0.00881854 0.299044
18.58 0.30762 0.0124165 0.295203
18.59 0.306708 0.0160808 0.290627
18.6 0.305268 0.0198835 0.285385
18.61 0.303298 0.0237456 0.279552
18.62 0.300961 0.0277455 0.273215
18.63 0.298263 0.0317979 0.266465
18.64 0.295351 0.0359529 0.259398
18.65 0.292278 0.0401622 0.252116
18.66 0.289144 0.0444223 0.244722
18.67 0.286034 0.0487136 0.23732
18.68 0.283027 0.0530113 0.230016
18.69 0.280206 0.0572976 0.222908
18.7 0.277649 0.0615538 0.216095
18.71 0.275411 0.0657442 0.209667
18.72 0.273587 0.0698801 0.203707
18.73 0.272178 0.0738871 0.198291
18.74 0.271311 0.0778256 0.193485
18.75 0.270926 0.0815782 0.189348
18.76 0.271166 0.0852401 0.185926
18.77 0.27194 0.0886813 0.183259
18.78 0.273353 0.0919768 0.181376
18.79 0.275337 0.0950365 0.180301
18.8 0.277933 0.0978862 0.180047
18.81 0.281104 0.10048 0.180624
18.82 0.284833 0.102797 0.182036
18.83 0.289109 0.104828 0.184281
18.84 0.293865 0.106507 0.187358
18.85 0.299113 0.107855 0.191258
18.86 0.304747 0.108773 0.195974
18.87 0.310795 0.109301 0.201494
18.88 0.317137 0.109331 0.207806
18.89 0.323782 0.108887 0.214895
18.9 0.330633 0.107893 0.22274
18.91 0.337663 0.106342 0.231321
18.92 0.344805 0.104198 0.240607
18.93 0.352008 0.101443 0.250565
18.94 0.359217 0.0980662 0.261151
18.95 0.366377 0.0940652 0.272312
18.96 0.373427 0.089442 0.283985
18.97 0.380325 0.0842296 0.296095
18.98 0.386991 0.0784358 0.308555
18.99 0.393408 0.072144 0.321264
19 0.399462 0.0653539 0.334108
19.01 0.405171 0.0582097 0.346961
19.02 0.410402 0.0507162 0.359686
19.03 0.415178 0.0430443 0.372134
19.04 0.419382 0.0352332 0.384149
19.05 0.423014 0.0274447 0.395569
19.06 0.425995 0.0197643 0.406231
19.07 0.42829 0.0123214 0.415969
19.08 0.429875 0.00525243 0.424623
19.09 0.430666 -0.00137356 0.43204
19.1 0.430712 -0.00736559 0.438078
19.11 0.429874 -0.0127352 0.442609
19.12 0.428279 -0.0172457 0.445525
19.13 0.425735 -0.0210003 0.446735
19.14 0.422417 -0.0237584 0.446175
19.15 0.418175 -0.0256296 0.443805
19.16 0.41314 -0.0264689 0.439609
19.17 0.40724 -0.0263616 0.433602
19.18 0.400555 -0.025268 0.425823
19.19 0.39309 -0.0232496 0.41634
19.2 0.384879 -0.0203635 0.405243
19.21 0.375994 -0.0166518 0.392646
19.22 0.36643 -0.0122531 0.378683
19.23 0.356308 -0.00719681 0.363505
19.24 0.345597 -0.00167729 0.347274
19.25 0.334445 0.00428085 0.330164
19.26 0.322813 0.0104609 0.312352
19.27 0.310841 0.0168238 0.294017
19.28 0.298523 0.0231875 0.275336
19.29 0.28595 0.0294729 0.256477
19.3 0.27315 0.0355478 0.237602
19.31 0.260177 0.0413182 0.218859
19.32 0.247071 0.0466907 0.20038
19.33 0.233867 0.0515835 0.182283
19.34 0.220602 0.055934 0.164668
19.35 0.207301 0.0596857 0.147615
19.36 0.193991 0.0628018 0.131189
19.37 0.180694 0.0652578 0.115436
19.38 0.167423 0.0670361 0.100387
19.39 0.154201 0.0681438 0.0860572
19.4 0.141031 0.0685805 0.0724505
19.41 0.127937 0.0683775 0.0595595
19.42 0.11492 0.0675517 0.0473683
19.43 0.101998 0.0661431 0.0358549
19.44 0.0891791 0.0641865 0.0249926
19.45 0.0764773 0.0617246 0.0147527
19.46 0.0639109 0.0588055 0.00510541
19.47 0.0514858 0.0554645 -0.00397867
19.48 0.039237 0.0517645 -0.0125275
19.49 0.0271575 0.0477245 -0.020567
19.5 0.0153045 0.0434258 -0.0281213
19.51 0.00365641 0.0388686 -0.0352122
19.52 -0.00771812 0.0341422 -0.0418603
19.53 -0.0188415 0.0292439 -0.0480854
19.54 -0.0296539 0.0242534 -0.0539073
19.55 -0.0401645 0.0191825 -0.059347
19.56 -0.0503351 0.0140927 -0.0644278
19.57 -0.0601576 0.00901824 -0.0691758
19.58 -0.0696236 0.00399792 -0.0736215
19.59 -0.078705 -0.000905253 -0.0777997
19.6 -0.0874293 -0.00567886 -0.0817504
19.61 -0.0957475 -0.0102289 -0.0855186
19.62 -0.103724 -0.0145699 -0.0891541
19.63 -0.111291 -0.0185799 -0.0927111
19.64 -0.118536 -0.0222891 -0.0962469
19.65 -0.12541 -0.0255889 -0.0998211
19.66 -0.131981 -0.0284871 -0.103494
19.67 -0.138236 -0.0309115 -0.107324
19.68 -0.144219 -0.0328499 -0.111369
19.69 -0.149945 -0.0342654 -0.11568
19.7 -0.15544 -0.0351391 -0.120301
19.71 -0.160736 -0.0354659 -0.12527
19.72 -0.165843 -0.0352287 -0.130614
19.73 -0.170802 -0.0344523 -0.13635
19.74 -0.175612 -0.0331311 -0.142481
19.75 -0.180314 -0.0313145 -0.149
19.76 -0.184895 -0.0290099 -0.155885
19.77 -0.18939 -0.0262853 -0.163105
19.78 -0.193787 -0.0231731 -0.170614
19.79 -0.198102 -0.0197443 -0.178358
19.8 -0.202323 -0.0160508 -0.186272
19.81 -0.206452 -0.0121658 -0.194286
19.82 -0.210478 -0.00815471 -0.202323
19.83 -0.214389 -0.00408498 -0.210304
19.84 -0.218178 -3.0003e-05 -0.218148
19.85 -0.221817 0.00395918 -0.225776
19.86 -0.225308 0.00780499 -0.233113
19.87 -0.228608 0.0114802 -0.240088
19.88 -0.231733 0.0149056 -0.246639
19.89 -0.234625 0.0180846 -0.25271
19.9 -0.23731 0.0209456 -0.258256
19.91 -0.239735 0.0235066 -0.263242
19.92 -0.241918 0.0257244 -0.267642
19.93 -0.243821 0.0276221 -0.271443
19.94 -0.245449 0.0291893 -0.274638
19.95 -0.246788 0.0304434 -0.277231
19.96 -0.247822 0.0314113 -0.279233
19.97 -0.248564 0.032097 -0.280661
19.98 -0.248976 0.0325602 -0.281536
19.99 -0.249097 0.0327867 -0.281884
20 -0.248868 0.0328618 -0.28173
20.01 -0.248346 0.0327549 -0.281101
20.02 -0.247462 0.0325598 -0.280022
20.03 -0.246272 0.0322431 -0.278515
20.04 -0.244724 0.0318759 -0.2766
20.05 -0.242849 0.0314423 -0.274291
20.06 -0.240618 0.0309822 -0.2716
20.07 -0.238037 0.0304962 -0.268533
20.08 -0.235103 0.0299899 -0.265093
20.09 -0.231796 0.0294826 -0.261279
20.1 -0.228141 0.0289459 -0.257087
20.11 -0.224093 0.02842 -0.252513
20.12 -0.219706 0.0278453 -0.247551
20.13 -0.214911 0.0272864 -0.242197
20.14 -0.209786 0.0266622 -0.236448
20.15 -0.204267 0.0260371 -0.230304
20.16 -0.198426 0.0253431 -0.223769
20.17 -0.192229 0.0246231 -0.216852
20.18 -0.185726 0.0238416 -0.209568
20.19 -0.178922 0.0230138 -0.201936
20.2 -0.171849 0.0221336 -0.193983
20.21 -0.164544 0.0211959 -0.18574
20.22 -0.157031 0.0202141 -0.177245
20.23 -0.149365 0.0191754 -0.16854
20.24 -0.141575 0.0180968 -0.159672
20.25 -0.133722 0.0169668 -0.150689
20.26 -0.125851 0.0157919 -0.141643
20.27 -0.118012 0.0145748 -0.132587
20.28 -0.110273 0.0133003 -0.123573
20.29 -0.102671 0.0119834 -0.114654
20.3 -0.095283 0.0105975 -0.105881
20.31 -0.0881464 0.00915337 -0.0972998
20.32 -0.0813275 0.00763004 -0.0889575
20.33 -0.0748765 0.00601974 -0.0808962
20.34 -0.0688304 0.00432483 -0.0731552
20.35 -0.0632656 0.00250542 -0.065771
20.36 -0.0581722 0.000605395 -0.0587776
20.37 -0.0536635 -0.0014566 -0.0522069
20.38 -0.0496711 -0.00358163 -0.0460895
20.39 -0.0463482 -0.0058931 -0.0404551
20.4 -0.0435874 -0.00825389 -0.0353335
20.41 -0.0415143 -0.0107593 -0.030755
20.42 -0.0400507 -0.0132999 -0.0267508
20.43 -0.0392661 -0.0159123 -0.0233538
20.44 -0.0391184 -0.0185201 -0.0205983
20.45 -0.0396172 -0.0210971 -0.0185201
20.46 -0.0407581 -0.0236021 -0.017156
20.47 -0.0424932 -0.0259498 -0.0165434
20.48 -0.0448529 -0.0281338 -0.0167191
20.49 -0.047739 -0.0300206 -0.0177184
20.5 -0.0512095 -0.0316362 -0.0195733
20.51 -0.0551321 -0.0328206 -0.0223115
20.52 -0.0595676 -0.0336137 -0.0259539
20.53 -0.0643873 -0.0338736 -0.0305137
20.54 -0.0696107 -0.0336167 -0.035994
20.55 -0.0751481 -0.0327616 -0.0423865
20.56 -0.0809758 -0.0313057 -0.0496701
20.57 -0.0870316 -0.0292222 -0.0578094
20.58 -0.0932641 -0.02651 -0.0667541
20.59 -0.0996241 -0.0231857 -0.0764384
20.6 -0.10605 -0.0192692 -0.0867808
20.61 -0.11249 -0.0148053 -0.0976847
20.62 -0.11889 -0.00985103 -0.109039
20.63 -0.125181 -0.00446152 -0.120719
20.64 -0.13133 0.00126057 -0.132591
20.65 -0.137245 0.00726228 -0.144507
20.66 -0.142912 0.0134057 -0.156318
20.67 -0.148235 0.0196308 -0.167866
20.68 -0.153197 0.025797 -0.178994
20.69 -0.157719 0.0318276 -0.189547
20.7 -0.161766 0.037606 -0.199372
20.71 -0.16529 0.0430364 -0.208326
20.72 -0.168225 0.048051 -0.216276
20.73 -0.170574 0.0525254 -0.223099
20.74 -0.172222 0.0564677 -0.22869
20.75 -0.173239 0.0597173 -0.232956
20.76 -0.173454 0.0623723 -0.235826
20.77 -0.172988 0.0642567 -0.237245
20.78 -0.171671 0.0655043 -0.237175
20.79 -0.169613 0.065987 -0.2356
20.8 -0.166695 0.0658236 -0.232519
20.81 -0.16298 0.0649678 -0.227948
20.82 -0.158418 0.0635013 -0.221919
20.83 -0.153022 0.061457 -0.214479
20.84 -0.146815 0.0588695 -0.205684
20.85 -0.139759 0.0558442 -0.195603
20.86 -0.131948 0.052363 -0.184311
20.87 -0.123299 0.0485903 -0.171889
20.88 -0.113969 0.044455 -0.158424
20.89 -0.10384 0.0401634 -0.144003
20.9 -0.0930993 0.0356175 -0.128717
20.91 -0.081671 0.0309822 -0.112653
20.92 -0.0696955 0.0262053 -0.0959008
20.93 -0.0571645 0.0213812 -0.0785457
20.94 -0.0441733 0.0164987 -0.060672
20.95 -0.0307683 0.0115935 -0.0423618
20.96 -0.017014 0.00668098 -0.023695
20.97 -0.00299106 0.00175858 -0.00474964
20.98 0.0112491 -0.00314816 0.0143973
20.99 0.0256159 -0.00805356 0.0336695
21 0.0400518 -0.012939 0.0529908
21.01 0.0544808 -0.017804 0.0722848
21.02 0.0688216 -0.0226524 0.091474
21.03 0.0830277 -0.0274519 0.11048
21.04 0.0970028 -0.032219 0.129222
21.05 0.110717 -0.0369021 0.147619
21.06 0.124081 -0.0415083 0.165589
21.07 0.137062 -0.0459873 0.183049
21.08 0.149603 -0.0503136 0.199917
21.09 0.161651 -0.0544582 0.216109
21.1 0.173195 -0.0583527 0.231548
21.11 0.184153 -0.0620027 0.246156
21.12 0.194572 -0.0652892 0.259861
21.13 0.204331 -0.068267 0.272598
21.14 0.213531 -0.0707761 0.284307
21.15 0.222034 -0.0729033 0.294937
21.16 0.229956 -0.0744905 0.304446
21.17 0.237195 -0.0756075 0.312802
21.18 0.24383 -0.0761536 0.319984
21.19 0.249813 -0.0761659 0.325979
21.2 0.255179 -0.0756093 0.330788
21.21 0.259934 -0.0744885 0.334422
21.22 0.26407 -0.0728325 0.336903
21.23 0.267638 -0.070621 0.338259
21.24 0.270589 -0.0679424 0.338531
21.25 0.273017 -0.0647498 0.337767
21.26 0.274831 -0.061188 0.336019
21.27 0.276153 -0.0571942 0.333347
21.28 0.276886 -0.0529287 0.329815
21.29 0.277134 -0.0483538 0.325488
21.3 0.276835 -0.0435995 0.320434
21.31 0.27605 -0.0386733 0.314723
21.32 0.274756 -0.0336668 0.308423
21.33 0.272976 -0.0286245 0.301601
21.34 0.270725 -0.0235972 0.294322
21.35 0.267993 -0.0186587 0.286652
21.36 0.264829 -0.0138217 0.278651
21.37 0.261194 -0.00918432 0.270378
21.38 0.257171 -0.00472032 0.261891
21.39 0.252696 -0.000548196 0.253244
21.4 0.247871 0.00338174 0.244489
21.41 0.242644 0.00696723 0.235677
21.42 0.237096 0.0102409 0.226855
21.43 0.231207 0.0131364 0.218071
21.44 0.225029 0.015661 0.209368
21.45 0.218572 0.0177825 0.20079
21.46 0.211863 0.0194877 0.192375
21.47 0.204933 0.0207707 0.184162
21.48 0.197789 0.0216049 0.176184
21.49 0.190472 0.022002 0.16847
21.5 0.182976 0.0219316 0.161044
21.51 0.175344 0.0214184 0.153926
21.52 0.167558 0.020433 0.147125
21.53 0.159655 0.0190086 0.140646
21.54 0.151618 0.0171328 0.134485
21.55 0.143467 0.0148394 0.128628
21.56 0.135185 0.0121348 0.12305
21.57 0.126778 0.0090579 0.11772
21.58 0.118233 0.00563839 0.112595
21.59 0.10954 0.00191805 0.107622
21.6 0.100695 -0.00204696 0.102742
21.61 0.0916727 -0.00621443 0.0978871
21.62 0.0824827 -0.0105014 0.0929841
21.63 0.0730863 -0.0148691 0.0879554
21.64 0.0635112 -0.0192102 0.0827214
21.65 0.05371 -0.0234925 0.0772025
21.66 0.0437227 -0.0275989 0.0713216
21.67 0.0335184 -0.0314882 0.0650066
21.68 0.0231302 -0.0350622 0.0581924
21.69 0.012554 -0.0382698 0.0508238
21.7 0.00181734 -0.0410397 0.042857
21.71 -0.0090582 -0.0433204 0.0342622
21.72 -0.0200462 -0.0450708 0.0250246
21.73 -0.0311069 -0.0462524 0.0151455
21.74 -0.0422071 -0.0468505 0.00464341
21.75 -0.0533024 -0.0468563 -0.00644605
21.76 -0.064342 -0.0462715 -0.0180705
21.77 -0.0752928 -0.0451314 -0.0301614
21.78 -0.0860806 -0.0434449 -0.0426357
21.79 -0.0966881 -0.0412909 -0.0553972
21.8 -0.107034 -0.0386949 -0.0683391
21.81 -0.117103 -0.0357567 -0.0813463
21.82 -0.126826 -0.032528 -0.094298
21.83 -0.136178 -0.029107 -0.107071
21.84 -0.14512 -0.0255778 -0.119542
21.85 -0.153605 -0.0220131 -0.131592
21.86 -0.161636 -0.0185297 -0.143106
21.87 -0.169138 -0.0151578 -0.15398
21.88 -0.176165 -0.0120456 -0.164119
21.89 -0.182603 -0.00916107 -0.173442
21.9 -0.188549 -0.00666866 -0.18188
21.91 -0.193884 -0.00450198 -0.189382
21.92 -0.198699 -0.00278916 -0.19591
21.93 -0.202909 -0.00146687 -0.201442
21.94 -0.206566 -0.00059389 -0.205972
21.95 -0.209629 -0.000122096 -0.209507
21.96 -0.212104 -3.78109e-05 -0.212066
21.97 -0.213991 -0.000310524 -0.21368
21.98 -0.215251 -0.000861843 -0.214389
21.99 -0.215926 -0.00168763 -0.214238
22 -0.215925 -0.0026462 -0.213279
