-1.000000 225.000000
-0.990000 225.000000
-0.980000 236.667000
-0.970000 245.000000
-0.960000 225.000000
-0.950000 216.667000
-0.940000 200.000000
-0.930000 216.667000
-0.920000 200.000000
-0.910000 215.000000
-0.900000 220.000000
-0.890000 198.333000
-0.880000 200.000000
-0.870000 250.000000
-0.860000 223.333000
-0.850000 223.333000
-0.840000 211.667000
-0.830000 230.000000
-0.820000 231.667000
-0.810000 243.333000
-0.800000 225.000000
-0.790000 218.333000
-0.780000 251.667000
-0.770000 266.667000
-0.760000 195.000000
-0.750000 216.667000
-0.740000 253.333000
-0.730000 218.333000
-0.720000 220.000000
-0.710000 228.333000
-0.700000 251.667000
-0.690000 205.000000
-0.680000 220.000000
-0.670000 233.333000
-0.660000 210.000000
-0.650000 205.000000
-0.640000 220.000000
-0.630000 216.667000
-0.620000 218.333000
-0.610000 255.000000
-0.600000 245.000000
-0.590000 246.667000
-0.580000 241.667000
-0.570000 251.667000
-0.560000 233.333000
-0.550000 223.333000
-0.540000 228.333000
-0.530000 228.333000
-0.520000 250.000000
-0.510000 198.333000
-0.500000 233.333000
-0.490000 230.000000
-0.480000 246.667000
-0.470000 233.333000
-0.460000 226.667000
-0.450000 206.667000
-0.440000 215.000000
-0.430000 233.333000
-0.420000 235.000000
-0.410000 271.667000
-0.400000 220.000000
-0.390000 245.000000
-0.380000 260.000000
-0.370000 218.333000
-0.360000 211.667000
-0.350000 210.000000
-0.340000 255.000000
-0.330000 256.667000
-0.320000 228.333000
-0.310000 246.667000
-0.300000 256.667000
-0.290000 221.667000
-0.280000 268.333000
-0.270000 276.667000
-0.260000 271.667000
-0.250000 250.000000
-0.240000 240.000000
-0.230000 240.000000
-0.220000 233.333000
-0.210000 260.000000
-0.200000 220.000000
-0.190000 250.000000
-0.180000 258.333000
-0.170000 205.000000
-0.160000 251.667000
-0.150000 221.667000
-0.140000 215.000000
-0.130000 233.333000
-0.120000 228.333000
-0.110000 268.333000
-0.100000 258.333000
-0.090000 258.333000
-0.080000 223.333000
-0.070000 283.333000
-0.060000 275.000000
-0.050000 236.667000
-0.040000 230.000000
-0.030000 251.667000
-0.020000 270.000000
-0.010000 358.333000
-0.000000 383.333000
0.010000 403.333000
0.020000 443.333000
0.030000 470.000000
0.040000 513.333000
0.050000 601.667000
0.060000 556.667000
0.070000 645.000000
0.080000 618.333000
0.090000 651.667000
0.100000 681.667000
0.110000 796.667000
0.120000 736.667000
0.130000 926.667000
0.140000 995.000000
0.150000 1081.670000
0.160000 1268.330000
0.170000 1408.330000
0.180000 1721.670000
0.190000 2220.000000
0.200000 2738.330000
0.210000 3273.330000
0.220000 3658.330000
0.230000 3870.000000
0.240000 3966.670000
0.250000 4045.000000
0.260000 4161.670000
0.270000 4205.000000
0.280000 4208.330000
0.290000 4383.330000
0.300000 4418.330000
0.310000 4410.000000
0.320000 4415.000000
0.330000 4428.330000
0.340000 4505.000000
0.350000 4658.330000
0.360000 4706.670000
0.370000 4601.670000
0.380000 4955.000000
0.390000 4960.000000
0.400000 5110.000000
0.410000 5043.330000
0.420000 5200.000000
0.430000 5188.330000
0.440000 5411.670000
0.450000 5525.000000
0.460000 5566.670000
0.470000 5631.670000
0.480000 5721.670000
0.490000 5713.330000
0.500000 6161.670000
0.510000 5923.330000
0.520000 6095.000000
0.530000 6175.000000
0.540000 6505.000000
0.550000 6613.330000
0.560000 6356.670000
0.570000 6771.670000
0.580000 6971.670000
0.590000 7090.000000
0.600000 7306.670000
0.610000 7185.000000
0.620000 7418.330000
0.630000 7468.330000
0.640000 7690.000000
0.650000 7923.330000
0.660000 7805.000000
0.670000 8185.000000
0.680000 8365.000000
0.690000 8408.330000
0.700000 8580.000000
0.710000 8881.670000
0.720000 8870.000000
0.730000 9050.000000
0.740000 9245.000000
0.750000 9501.670000
0.760000 9595.000000
0.770000 10013.300000
0.780000 9950.000000
0.790000 10200.000000
0.800000 10445.000000
0.810000 10651.700000
0.820000 10813.300000
0.830000 11146.700000
0.840000 11416.700000
0.850000 11515.000000
0.860000 11783.300000
0.870000 11820.000000
0.880000 12121.700000
0.890000 12293.300000
0.900000 12705.000000
0.910000 12895.000000
0.920000 12951.700000
0.930000 13445.000000
0.940000 13441.700000
0.950000 14021.700000
0.960000 14080.000000
0.970000 14481.700000
0.980000 14745.000000
0.990000 14948.300000
1.000000 15510.000000
1.010000 15415.000000
1.020000 15778.300000
1.030000 16153.300000
1.040000 16646.700000
1.050000 16835.000000
1.060000 17265.000000
1.070000 17105.000000
1.080000 17771.700000
1.090000 18280.000000
1.100000 18486.700000
1.110000 18996.700000
1.120000 19331.700000
1.130000 19211.700000
1.140000 19518.300000
1.150000 20245.000000
1.160000 20306.700000
1.170000 20838.300000
1.180000 21568.300000
1.190000 22351.700000
1.200000 22270.000000
1.210000 23088.300000
1.220000 23216.700000
1.230000 23660.000000
1.240000 24113.300000
1.250000 24860.000000
1.260000 25008.300000
1.270000 25251.700000
1.280000 26080.000000
1.290000 26841.700000
1.300000 26843.300000
1.310000 27475.000000
1.320000 28105.000000
1.330000 28740.000000
1.340000 29335.000000
1.350000 29883.300000
1.360000 30091.700000
1.370000 30985.000000
1.380000 31241.700000
1.390000 32198.300000
1.400000 32668.300000
1.410000 32746.700000
1.420000 33891.700000
1.430000 34403.300000
1.440000 34686.700000
1.450000 36055.000000
1.460000 35776.700000
1.470000 37495.000000
1.480000 38001.700000
1.490000 38551.700000
1.500000 38973.300000
1.510000 39996.700000
1.520000 40840.000000
1.530000 41596.700000
1.540000 42420.000000
1.550000 42938.300000
1.560000 43995.000000
1.570000 44635.000000
1.580000 45080.000000
1.590000 46290.000000
1.600000 47585.000000
1.610000 47881.700000
1.620000 48563.300000
1.630000 49830.000000
1.640000 50595.000000
1.650000 51301.700000
1.660000 52570.000000
1.670000 53225.000000
1.680000 54753.300000
1.690000 55276.700000
1.700000 56525.000000
1.710000 57626.700000
1.720000 58138.300000
1.730000 59755.000000
1.740000 61050.000000
1.750000 61948.300000
1.760000 62723.300000
1.770000 64270.000000
1.780000 64910.000000
1.790000 65830.000000
1.800000 66673.300000
1.810000 68041.700000
1.820000 69646.700000
1.830000 70738.300000
1.840000 71855.000000
1.850000 73038.300000
1.860000 74908.300000
1.870000 75366.700000
1.880000 76961.700000
1.890000 78576.700000
1.900000 79295.000000
1.910000 81180.000000
1.920000 81975.000000
1.930000 84135.000000
1.940000 84726.700000
1.950000 86423.300000
1.960000 87873.300000
1.970000 90113.300000
1.980000 91010.000000
1.990000 91941.700000
2.000000 93330.000000
2.010000 94531.700000
2.020000 96461.700000
2.030000 97956.700000
2.040000 99955.000000
2.050000 100688.000000
2.060000 103690.000000
2.070000 104007.000000
2.080000 105870.000000
2.090000 107368.000000
2.100000 108870.000000
2.110000 110785.000000
2.120000 112512.000000
2.130000 113503.000000
2.140000 115958.000000
2.150000 117242.000000
2.160000 118938.000000
2.170000 120805.000000
2.180000 123132.000000
2.190000 124153.000000
2.200000 126315.000000
2.210000 127113.000000
2.220000 130198.000000
2.230000 131287.000000
2.240000 132852.000000
2.250000 135712.000000
2.260000 137623.000000
2.270000 138850.000000
2.280000 139718.000000
2.290000 142105.000000
2.300000 144465.000000
2.310000 146387.000000
2.320000 147385.000000
2.330000 149598.000000
2.340000 151023.000000
2.350000 152520.000000
2.360000 155762.000000
2.370000 156617.000000
2.380000 159480.000000
2.390000 159433.000000
2.400000 162193.000000
2.410000 164317.000000
2.420000 165838.000000
2.430000 167075.000000
2.440000 169342.000000
2.450000 170808.000000
2.460000 172305.000000
2.470000 174750.000000
2.480000 176815.000000
2.490000 179473.000000
2.500000 180935.000000
2.510000 180678.000000
2.520000 182915.000000
2.530000 187223.000000
2.540000 187205.000000
2.550000 189475.000000
2.560000 190680.000000
2.570000 192943.000000
2.580000 193830.000000
2.590000 195548.000000
2.600000 197370.000000
2.610000 199513.000000
2.620000 200582.000000
2.630000 201915.000000
2.640000 202187.000000
2.650000 204760.000000
2.660000 207095.000000
2.670000 208250.000000
2.680000 210587.000000
2.690000 210665.000000
2.700000 211180.000000
2.710000 212722.000000
2.720000 215388.000000
2.730000 216673.000000
2.740000 218675.000000
2.750000 220120.000000
2.760000 222007.000000
2.770000 221802.000000
2.780000 221830.000000
2.790000 224342.000000
2.800000 225542.000000
2.810000 225525.000000
2.820000 227833.000000
2.830000 227160.000000
2.840000 228605.000000
2.850000 229832.000000
2.860000 231547.000000
2.870000 231785.000000
2.880000 232977.000000
2.890000 235260.000000
2.900000 236643.000000
2.910000 234905.000000
2.920000 236577.000000
2.930000 240772.000000
2.940000 241455.000000
2.950000 243155.000000
2.960000 243245.000000
2.970000 244110.000000
2.980000 244935.000000
2.990000 243972.000000
3.000000 245518.000000
3.010000 245255.000000
3.020000 244222.000000
3.030000 243805.000000
3.040000 242145.000000
3.050000 241687.000000
3.060000 243320.000000
3.070000 242257.000000
3.080000 242800.000000
3.090000 241347.000000
3.100000 241705.000000
3.110000 241283.000000
3.120000 240078.000000
3.130000 239952.000000
3.140000 239842.000000
3.150000 238272.000000
3.160000 236567.000000
3.170000 236175.000000
3.180000 236025.000000
3.190000 234153.000000
3.200000 234827.000000
3.210000 234410.000000
3.220000 233297.000000
3.230000 231588.000000
3.240000 229450.000000
3.250000 229592.000000
3.260000 228848.000000
3.270000 227575.000000
3.280000 225260.000000
3.290000 225183.000000
3.300000 224805.000000
3.310000 223773.000000
3.320000 222420.000000
3.330000 220250.000000
3.340000 219502.000000
3.350000 217632.000000
3.360000 216528.000000
3.370000 216302.000000
3.380000 214708.000000
3.390000 213427.000000
3.400000 213253.000000
3.410000 210170.000000
3.420000 209732.000000
3.430000 206668.000000
3.440000 205983.000000
3.450000 204545.000000
3.460000 202192.000000
3.470000 200733.000000
3.480000 199462.000000
3.490000 198148.000000
3.500000 196507.000000
3.510000 194805.000000
3.520000 194123.000000
3.530000 190952.000000
3.540000 189955.000000
3.550000 188042.000000
3.560000 186497.000000
3.570000 183732.000000
3.580000 183000.000000
3.590000 180843.000000
3.600000 178940.000000
3.610000 177005.000000
3.620000 175632.000000
3.630000 174550.000000
3.640000 172818.000000
3.650000 170005.000000
3.660000 168348.000000
3.670000 166583.000000
3.680000 165803.000000
3.690000 163423.000000
3.700000 161988.000000
3.710000 158962.000000
3.720000 157888.000000
3.730000 155245.000000
3.740000 154343.000000
3.750000 151642.000000
3.760000 150553.000000
3.770000 148358.000000
3.780000 146723.000000
3.790000 144650.000000
3.800000 143443.000000
3.810000 142707.000000
3.820000 139242.000000
3.830000 137663.000000
3.840000 136338.000000
3.850000 134248.000000
3.860000 133417.000000
3.870000 130722.000000
3.880000 128472.000000
3.890000 127205.000000
3.900000 125813.000000
3.910000 123645.000000
3.920000 122165.000000
3.930000 120422.000000
3.940000 119023.000000
3.950000 118063.000000
3.960000 116245.000000
3.970000 113323.000000
3.980000 112572.000000
3.990000 110270.000000
4.000000 109690.000000
4.010000 107630.000000
4.020000 107025.000000
4.030000 104150.000000
4.040000 103195.000000
4.050000 100458.000000
4.060000 100298.000000
4.070000 98511.700000
4.080000 96408.300000
4.090000 95560.000000
4.100000 93575.000000
4.110000 91776.700000
4.120000 90923.300000
4.130000 88855.000000
4.140000 87588.300000
4.150000 87066.700000
4.160000 85498.300000
4.170000 84385.000000
4.180000 82695.000000
4.190000 80553.300000
4.200000 79285.000000
4.210000 78901.700000
4.220000 77068.300000
4.230000 75423.300000
4.240000 75653.300000
4.250000 73335.000000
4.260000 71830.000000
4.270000 71118.300000
4.280000 69906.700000
4.290000 68301.700000
4.300000 67881.700000
4.310000 66540.000000
4.320000 65770.000000
4.330000 64608.300000
4.340000 63556.700000
4.350000 61998.300000
4.360000 61596.700000
4.370000 59990.000000
4.380000 58568.300000
4.390000 57633.300000
4.400000 57608.300000
4.410000 55710.000000
4.420000 55103.300000
4.430000 54313.300000
4.440000 53466.700000
4.450000 52078.300000
4.460000 51108.300000
4.470000 50386.700000
4.480000 49455.000000
4.490000 48800.000000
4.500000 48160.000000
4.510000 46963.300000
4.520000 45965.000000
4.530000 45061.700000
4.540000 44708.300000
4.550000 43578.300000
4.560000 42856.700000
4.570000 42478.300000
4.580000 41283.300000
4.590000 40476.700000
4.600000 39908.300000
4.610000 39791.700000
4.620000 38695.000000
4.630000 37740.000000
4.640000 37713.300000
4.650000 36186.700000
4.660000 35578.300000
4.670000 34873.300000
4.680000 34386.700000
4.690000 34068.300000
4.700000 32833.300000
4.710000 32275.000000
4.720000 32291.700000
4.730000 31223.300000
4.740000 30960.000000
4.750000 30186.700000
4.760000 29520.000000
4.770000 28811.700000
4.780000 28898.300000
4.790000 28083.300000
4.800000 27700.000000
4.810000 26858.300000
4.820000 26781.700000
4.830000 25696.700000
4.840000 25481.700000
4.850000 24888.300000
4.860000 24315.000000
4.870000 23941.700000
4.880000 23588.300000
4.890000 23413.300000
4.900000 22481.700000
4.910000 22535.000000
4.920000 21965.000000
4.930000 21305.000000
4.940000 20971.700000
4.950000 20461.700000
4.960000 20443.300000
4.970000 19960.000000
4.980000 19218.300000
4.990000 19266.700000
5.000000 18746.700000
5.010000 18090.000000
5.020000 18030.000000
5.030000 17701.700000
5.040000 16955.000000
5.050000 16861.700000
5.060000 16691.700000
5.070000 16158.300000
5.080000 16073.300000
5.090000 15613.300000
5.100000 15616.700000
5.110000 15103.300000
5.120000 14525.000000
5.130000 14510.000000
5.140000 14118.300000
5.150000 13905.000000
5.160000 13628.300000
5.170000 13703.300000
5.180000 13181.700000
5.190000 12880.000000
5.200000 12760.000000
5.210000 12470.000000
5.220000 12060.000000
5.230000 11695.000000
5.240000 11620.000000
5.250000 11473.300000
5.260000 11488.300000
5.270000 11051.700000
5.280000 10790.000000
5.290000 10660.000000
5.300000 10595.000000
5.310000 10260.000000
5.320000 9963.330000
5.330000 10035.000000
5.340000 9706.670000
5.350000 9431.670000
5.360000 9290.000000
5.370000 9281.670000
5.380000 8965.000000
5.390000 8960.000000
5.400000 8673.330000
5.410000 8585.000000
5.420000 8213.330000
5.430000 8123.330000
5.440000 7963.330000
5.450000 7701.670000
5.460000 7840.000000
5.470000 7480.000000
5.480000 7143.330000
5.490000 7273.330000
5.500000 6958.330000
5.510000 7116.670000
5.520000 6743.330000
5.530000 6705.000000
5.540000 6381.670000
5.550000 6238.330000
5.560000 6218.330000
5.570000 6155.000000
5.580000 6163.330000
5.590000 6008.330000
5.600000 5905.000000
5.610000 5770.000000
5.620000 5641.670000
5.630000 5391.670000
5.640000 5473.330000
5.650000 5446.670000
5.660000 5265.000000
5.670000 5098.330000
5.680000 5123.330000
5.690000 4818.330000
5.700000 4763.330000
5.710000 4720.000000
5.720000 4588.330000
5.730000 4605.000000
5.740000 4501.670000
5.750000 4418.330000
5.760000 4288.330000
5.770000 4241.670000
5.780000 4170.000000
5.790000 4076.670000
5.800000 4006.670000
5.810000 3950.000000
5.820000 3775.000000
5.830000 3831.670000
5.840000 3615.000000
5.850000 3521.670000
5.860000 3630.000000
5.870000 3525.000000
5.880000 3311.670000
5.890000 3155.000000
5.900000 2765.000000
5.910000 2570.000000
5.920000 2151.670000
5.930000 1681.670000
5.940000 1400.000000
5.950000 1181.670000
5.960000 1145.000000
5.970000 960.000000
5.980000 888.333000
5.990000 773.333000
6.000000 665.000000
